41.8983500 12.4681500
way residential -1 false true
41.8988839 12.4695763
41.8990253 12.4694105
41.8990429 12.4693886
41.8990605 12.4693653
41.8990798 12.4693373
41.899098 12.4693065
41.8991153 12.4692741
41.8991305 12.4692417
41.8991407 12.4692102
41.899149 12.4691787
41.8991562 12.4691454
41.8991629 12.4691109
41.8991687 12.4690696
41.8991727 12.4690375
41.89918 12.46896
41.8991844 12.468878
41.8991923 12.4686007
41.8991935 12.4685659
41.8991941 12.4685303
way residential -1 false true
41.8991995 12.4684567
41.899206 12.4684135
41.8992131 12.468371
41.8992215 12.4683285
41.8992309 12.4682902
41.8992404 12.4682532
41.8992499 12.4682183
41.8992608 12.4681811
41.8992718 12.4681459
41.8992947 12.4680755
41.8993193 12.4680058
41.8993449 12.4679374
41.8993734 12.4678655
41.899403 12.467795
41.8995477 12.4674684
41.8995582 12.467445
41.8998762 12.4668152
41.899882 12.4667671
41.8998667 12.4667083
41.8998405 12.4666687
41.8998092 12.4666314
way residential -1 false true
41.8996385 12.4685087
41.8991995 12.4684567
way residential -1 false true
41.8991941 12.4685303
41.8990226 12.4685241
41.8989446 12.468515
41.8982838 12.468364
41.8982113 12.4683093
41.8981764 12.4682661
way pedestrian -1 false false
41.8992215 12.4683285
41.8989791 12.4682058
way pedestrian -1 false false
41.8985383 12.4699653
41.8981964 12.4697501
41.8981536 12.4697213
41.897898 12.4695491
41.8978842 12.4695373
41.8978768 12.4695129
landuse pedestrian 1
41.8995249 12.4706105
41.8995118 12.4705943
41.8994529 12.4705078
41.8993854 12.4704079
41.8993766 12.470395
41.8993569 12.4703982
41.8993097 12.4704579
41.8993199 12.4704742
41.8993308 12.4704923
41.8994599 12.4706911
41.8994627 12.4707137
41.8994888 12.4706933
41.8995058 12.4706811
41.899537 12.4706285
41.8995249 12.4706105
way residential -1 false true
41.8979622 12.4693335
41.8980384 12.4693497
41.898169 12.4693775
41.8982509 12.4693963
41.8988124 12.4695252
41.8988314 12.4695314
41.8988508 12.4695416
41.8988676 12.4695559
41.8988839 12.4695763
way residential -1 false true
41.8988839 12.4695763
41.8986172 12.4698803
41.8986097 12.4698878
41.8985533 12.469945
41.8985383 12.4699653
41.8984863 12.4700511
41.8983075 12.4704156
41.8982073 12.470648
41.8981919 12.4706874
41.89818 12.4707312
41.8981186 12.4711535
41.8980347 12.47156
41.8980201 12.471596
41.8980132 12.4716162
building church -1 -1
41.8987034 12.4693258
41.8986965 12.4694009
41.8986894 12.469454
41.8981713 12.4693524
41.8981734 12.4693287
41.89819 12.4691456
41.8982084 12.4689413
41.8985393 12.4690054
41.8985417 12.4689813
41.8986849 12.4690117
41.8986707 12.4691173
41.8987302 12.4691304
41.8987514 12.4691443
41.8987683 12.4691665
41.8987792 12.4691947
41.8987829 12.469226
41.8987791 12.4692574
41.8987682 12.4692855
41.8987513 12.4693077
41.8987301 12.4693216
41.8987034 12.4693258
landuse garden
41.8990255 12.4687544
41.8988301 12.4687196
41.898805 12.4689751
41.8990004 12.4690099
41.8990255 12.4687544
way pedestrian -1 false false
41.8991305 12.4692417
41.8994921 12.4696244
way pedestrian -1 false false
41.9004784 12.4701976
41.9003121 12.4701955
building yes -1 -1
41.9002778 12.4700036
41.9002471 12.4700066
41.9002029 12.4700108
41.900207 12.4700711
41.9002128 12.4701583
41.9001659 12.4701583
41.9001672 12.470197
41.9001729 12.4703689
41.9002778 12.4704309
41.9002907 12.4703528
41.9002866 12.470242
41.9002832 12.4701501
41.9002778 12.4700036
landuse pedestrian 1
41.8992484 12.4683134
41.8991997 12.4682897
41.8989823 12.4681836
41.8989791 12.4682058
41.8989763 12.4682315
41.8989625 12.4683612
41.8989487 12.4684791
41.8989446 12.468515
41.8989394 12.4685543
41.8989843 12.468563
41.8990685 12.4685792
41.8991593 12.4685952
41.8991923 12.4686007
41.8992185 12.4686053
41.8992258 12.4685219
41.8992315 12.4684569
41.8992369 12.4684109
41.8992484 12.4683134
way pedestrian -1 false false
41.8986172 12.4698803
41.8985545 12.4698061
41.8984536 12.469723
41.8982118 12.4695692
41.8981536 12.4697213
building yes -1 -1
41.8983235 12.4694417
41.8986039 12.4695124
41.8985841 12.4695988
41.8985578 12.4696
41.8985495 12.4696432
41.8985165 12.4696256
41.8985135 12.4695891
41.8984838 12.4695753
41.8984317 12.4695595
41.8984193 12.4695792
41.8983202 12.4695169
41.8983235 12.4694417
building yes -1 -1
41.8982938 12.4701794
41.8983066 12.4701375
41.8982631 12.4701191
41.8982985 12.4700752
41.8982495 12.4700499
41.8982684 12.4699935
41.8983165 12.4700185
41.8983362 12.4699891
41.898369 12.4700096
41.8983591 12.4700449
41.898439 12.4700963
41.8983766 12.4702301
41.8983433 12.470209
41.8982938 12.4701794
building yes -1 -1
41.8984735 12.469762
41.8985567 12.4698209
41.8985376 12.4698695
41.8985178 12.46992
41.8984323 12.4698701
41.8984735 12.469762
building yes -1 -1
41.8983092 12.4698414
41.8983777 12.4698862
41.8983362 12.4699891
41.8982704 12.4699502
41.8983092 12.4698414
building yes -1 -1
41.8984105 12.4697197
41.8984735 12.469762
41.8984323 12.4698701
41.8983671 12.4698309
41.8984105 12.4697197
building yes -1 -1
41.898278 12.4703722
41.8983039 12.4703808
41.8983766 12.4702301
41.8983433 12.470209
41.898278 12.4703722
building yes -1 -1
41.898343 12.4696728
41.8984105 12.4697197
41.8983671 12.4698309
41.8982996 12.4697901
41.898343 12.4696728
building yes -1 -1
41.8982403 12.4695613
41.8983901 12.4696608
41.8984193 12.4695792
41.8983202 12.4695169
41.8982589 12.4694891
41.8982403 12.4695613
building yes -1 -1
41.8984683 12.4697073
41.8984395 12.4696895
41.8984694 12.4696233
41.8984985 12.4696281
41.8985165 12.4696256
41.8984683 12.4697073
building yes -1 -1
41.8983901 12.4696608
41.8984395 12.4696895
41.8984694 12.4696233
41.8984838 12.4695753
41.8984317 12.4695595
41.8984193 12.4695792
41.8983901 12.4696608
building yes -1 -1
41.8983777 12.4698862
41.8985002 12.4699597
41.898439 12.4700963
41.8983591 12.4700449
41.898369 12.4700096
41.8983362 12.4699891
41.8983777 12.4698862
building yes -1 -1
41.8985841 12.4695988
41.898583 12.4696411
41.8986134 12.4696571
41.8986867 12.4697662
41.8988345 12.4696024
41.8988221 12.4695632
41.8986039 12.4695124
41.8985841 12.4695988
building yes -1 -1
41.8986867 12.4697662
41.8986165 12.4698573
41.8984683 12.4697073
41.8985165 12.4696256
41.8985495 12.4696432
41.898541 12.4696716
41.8985736 12.4697052
41.8986134 12.4696571
41.8986867 12.4697662
building yes -1 -1
41.8990571 12.4686057
41.8990451 12.4686095
41.8990366 12.4686185
41.8990345 12.4686318
41.8990384 12.4686465
41.8990479 12.4686536
41.8990571 12.4686588
41.8990705 12.4686602
41.8990832 12.4686555
41.8990906 12.4686455
41.8990927 12.4686332
41.8990882 12.4686185
41.8990807 12.4686114
41.8990687 12.4686066
41.8990571 12.4686057
landuse water
41.898909 12.4688753
41.8989061 12.4688694
41.8989051 12.4688626
41.898906 12.4688561
41.898909 12.4688499
41.8989135 12.468846
41.8989184 12.4688447
41.8989234 12.468846
41.8989278 12.46885
41.8989315 12.4688592
41.8989308 12.4688691
41.8989279 12.4688752
41.8989235 12.4688791
41.8989184 12.4688805
41.8989133 12.4688791
41.898909 12.4688753
building yes -1 -1
41.8985189 12.4689343
41.8986331 12.4689579
41.8986672 12.468661
41.898553 12.4686374
41.8985189 12.4689343
building yes -1 -1
41.898659 12.4689647
41.8987732 12.4689883
41.8988073 12.4686914
41.8986931 12.4686678
41.898659 12.4689647
building yes -1 -1
41.899023 12.471105
41.8989346 12.4710456
41.8989006 12.4711674
41.8989493 12.4711918
41.8989414 12.4712557
41.8989188 12.4712496
41.8989188 12.4712907
41.8989528 12.4712914
41.8989935 12.4712922
41.899023 12.471105
building church -1 -1
41.8984385 12.470643
41.8985564 12.4707095
41.8986078 12.4705459
41.8986207 12.470505
41.898581 12.4704668
41.8985639 12.4704503
41.8985288 12.4704277
41.8984835 12.4705453
41.8984385 12.470643
way pedestrian -1 false false
41.899403 12.467795
41.8997842 12.4681963
building yes -1 -1
41.8983771 12.4703206
41.8983308 12.4704212
41.8983156 12.4704543
41.8983956 12.4704869
41.8984453 12.4705175
41.8984835 12.4705453
41.8985288 12.4704277
41.8984807 12.4703933
41.8984534 12.4704621
41.8984299 12.4704448
41.8984564 12.4703776
41.8983771 12.4703206
building yes -1 -1
41.8989901 12.4681605
41.8989013 12.4681029
41.8989539 12.4679365
41.8989573 12.4679259
41.8989588 12.4678899
41.8989904 12.4679068
41.8989849 12.4679312
41.8990298 12.4679492
41.8990567 12.4679769
41.8990308 12.4680396
41.8989901 12.4681605
building yes -1 -1
41.8991804 12.470056
41.8990264 12.4697805
41.8990826 12.4697178
41.8991075 12.4696901
41.8992056 12.4698284
41.8992404 12.469897
41.89929 12.469848
41.8993077 12.4698306
41.8993614 12.4699288
41.8992696 12.4699842
41.8991804 12.470056
building yes -1 -1
41.8993434 12.4688879
41.8993409 12.4689597
41.8993577 12.4689629
41.899359 12.4690557
41.8994177 12.469061
41.8994372 12.4689944
41.8994592 12.469002
41.8994698 12.4689262
41.8994424 12.4689227
41.8994489 12.4688912
41.8993877 12.4688929
41.8993434 12.4688879
building yes -1 -1
41.8983156 12.4704543
41.8982997 12.4704933
41.8982765 12.47055
41.8982564 12.4705992
41.8982452 12.4706267
41.8984135 12.4706894
41.8984385 12.470643
41.8984835 12.4705453
41.8984453 12.4705175
41.8984167 12.470596
41.8983963 12.4705874
41.898407 12.4705514
41.8983867 12.4705355
41.8983956 12.4704869
41.8983156 12.4704543
building yes -1 -1
41.8992321 12.470572
41.8992653 12.4705201
41.8992181 12.4704408
41.8991892 12.470392
41.8991892 12.4703661
41.899158 12.4703199
41.8991367 12.4702883
41.8991249 12.4703041
41.8990777 12.4703675
41.8990305 12.4704481
41.8991188 12.4705478
41.899157 12.4704899
41.8992321 12.470572
building yes -1 -1
41.8993134 12.4702858
41.8991804 12.470056
41.8992696 12.4699842
41.8992826 12.4700168
41.8992437 12.4700669
41.8992639 12.4701061
41.8992874 12.4700767
41.8992761 12.470043
41.8993482 12.4699678
41.8993766 12.469994
41.8992939 12.4700865
41.8993628 12.4702347
41.8993134 12.4702858
building yes -1 -1
41.8984135 12.4702419
41.8983771 12.4703206
41.8984564 12.4703776
41.8984807 12.4703933
41.8985288 12.4704277
41.8985639 12.4704503
41.8986272 12.4703806
41.8985761 12.4703488
41.8985067 12.4703118
41.898492 12.4703524
41.8984577 12.4703265
41.898474 12.4702848
41.8984135 12.4702419
building yes -1 -1
41.8988678 12.4710106
41.8987329 12.4708979
41.8986887 12.4708675
41.8986513 12.4708447
41.8986094 12.4708218
41.8985841 12.470942
41.8985675 12.4710212
41.8986009 12.4710458
41.8986756 12.4711009
41.8987636 12.4711657
41.898822 12.4712087
41.8988326 12.4711369
41.8988678 12.4710106
building yes -1 -1
41.8985564 12.4707095
41.898664 12.4707405
41.8987092 12.4706485
41.8987326 12.4706008
41.8987165 12.4705821
41.8987304 12.4705619
41.8987004 12.4705259
41.8986168 12.4704352
41.898581 12.4704668
41.8986207 12.470505
41.8986629 12.4705403
41.8986522 12.470572
41.8986078 12.4705459
41.8985564 12.4707095
building yes -1 -1
41.8996644 12.4680867
41.8997493 12.4681714
41.8996781 12.4682684
41.8996022 12.4684711
41.8992369 12.4684109
41.8992484 12.4683134
41.8992634 12.4682167
41.8993239 12.4680464
41.8994196 12.4681137
41.8993833 12.4682313
41.8995243 12.4682856
41.8995539 12.4681982
41.8995766 12.4681399
41.8996101 12.4681664
41.8996357 12.4681333
41.8996644 12.4680867
building yes -1 -1
41.899559 12.4697979
41.8996401 12.4699156
41.8995014 12.4701715
41.899444 12.4700929
41.8994107 12.4700473
41.8994285 12.4700114
41.8994423 12.4700354
41.899486 12.4699853
41.8994609 12.4699515
41.8994042 12.470007
41.8993614 12.4699288
41.8993077 12.4698306
41.8993442 12.4697962
41.8993701 12.4697718
41.8994034 12.469799
41.8994698 12.4698927
41.899559 12.4697979
building yes -1 -1
41.8987636 12.4711657
41.898742 12.4712405
41.8987148 12.4712846
41.8986808 12.4712861
41.898657 12.471274
41.8986434 12.4712344
41.8986479 12.4711765
41.8986638 12.4711385
41.8986756 12.4711009
41.8986009 12.4710458
41.8985851 12.4711333
41.8985754 12.4711872
41.8985709 12.4712724
41.8985505 12.4712724
41.8985482 12.4713531
41.8986048 12.4713581
41.8986093 12.4713103
41.8986363 12.4713138
41.8986364 12.4713276
41.8986764 12.4713333
41.8986727 12.4713698
41.8986944 12.4713699
41.8987896 12.4713546
41.8987896 12.4712816
41.8988088 12.471274
41.8988168 12.4712435
41.898822 12.4712087
41.8987636 12.4711657
building yes -1 -1
41.898664 12.4707405
41.8988462 12.4709089
41.8988869 12.4708225
41.8988623 12.4708038
41.8988741 12.4707822
41.8988387 12.4707448
41.8988719 12.4706973
41.8989212 12.470752
41.8989523 12.4706973
41.8989802 12.4707261
41.8989881 12.4707121
41.8990413 12.4706195
41.8989384 12.4705144
41.8989084 12.4705677
41.8988912 12.4705513
41.8988762 12.4705806
41.8987797 12.4704841
41.8987304 12.4705619
41.8987165 12.4705821
41.8987326 12.4706008
41.8987819 12.4706454
41.8987562 12.4706929
41.8987092 12.4706485
41.898664 12.4707405
building yes -1 -1
41.899221 12.4695518
41.8992647 12.4696128
41.8993118 12.4695529
41.8992672 12.4694897
41.899221 12.4695518
building yes -1 -1
41.8990264 12.4697805
41.898977 12.469701
41.899024 12.4696357
41.8990826 12.4697178
41.8990264 12.4697805
building yes -1 -1
41.8994925 12.4696879
41.899559 12.4697979
41.8994698 12.4698927
41.8994034 12.469799
41.8994925 12.4696879
building yes -1 -1
41.8990054 12.4694941
41.8990767 12.4694081
41.8991132 12.4694658
41.8990387 12.4695493
41.8990054 12.4694941
building yes -1 -1
41.8995014 12.4701715
41.8994471 12.470251
41.8993953 12.4701628
41.899444 12.4700929
41.8995014 12.4701715
building yes -1 -1
41.8992222 12.469033
41.8992131 12.4690925
41.8992952 12.469145
41.8993121 12.4690715
41.8992222 12.469033
building yes -1 -1
41.8994342 12.4695986
41.899469 12.4696411
41.899405 12.469713
41.899378 12.4696724
41.8994034 12.4696368
41.8994342 12.4695986
building yes -1 -1
41.8991774 12.4706469
41.8992321 12.470572
41.899157 12.4704899
41.8991188 12.4705478
41.8991047 12.4705692
41.8991774 12.4706469
building yes -1 -1
41.8993006 12.4703401
41.8993097 12.4703311
41.8993569 12.4703982
41.8993097 12.4704579
41.8992674 12.4704035
41.8993006 12.4703401
building yes -1 -1
41.899469 12.4696411
41.8994925 12.4696879
41.8994034 12.469799
41.8993701 12.4697718
41.899405 12.469713
41.899469 12.4696411
building yes -1 -1
41.8991132 12.4694658
41.8991464 12.4695159
41.8990783 12.4696052
41.8990653 12.4695932
41.8990387 12.4695493
41.8991132 12.4694658
building yes -1 -1
41.8992502 12.4693972
41.8993499 12.469505
41.8993118 12.4695529
41.8992672 12.4694897
41.899221 12.4694364
41.8992502 12.4693972
building yes -1 -1
41.8995428 12.4685428
41.8996222 12.4685463
41.8995415 12.4689524
41.8994698 12.4689262
41.899488 12.4688264
41.8995428 12.4685428
building yes -1 -1
41.899298 12.4697326
41.8993442 12.4697962
41.8993077 12.4698306
41.89929 12.469848
41.8992542 12.4697805
41.899298 12.4697326
building yes -1 -1
41.8991869 12.4695736
41.8992112 12.4696063
41.8991813 12.4696531
41.8992096 12.4697021
41.8991804 12.4697326
41.8991359 12.469652
41.8991869 12.4695736
building yes -1 -1
41.8992112 12.4696063
41.8992437 12.4696531
41.899298 12.4697326
41.8992542 12.4697805
41.8992096 12.4697021
41.8991813 12.4696531
41.8992112 12.4696063
building yes -1 -1
41.8998182 12.4681134
41.8997698 12.4681598
41.8996581 12.4680458
41.8997018 12.4679876
41.8997215 12.4679955
41.899756 12.4680392
41.8998182 12.4681134
building yes -1 -1
41.8993499 12.469505
41.8994342 12.4695986
41.8994034 12.4696368
41.8993596 12.4695801
41.8993458 12.469603
41.8993118 12.4695529
41.8993499 12.469505
building yes -1 -1
41.8989667 12.4704034
41.899023 12.470464
41.8990305 12.4704481
41.8990777 12.4703675
41.899022 12.4702883
41.8990048 12.4703286
41.8989667 12.4704034
building yes -1 -1
41.8986094 12.4708218
41.8984655 12.4707655
41.8984349 12.4709801
41.8985142 12.4710045
41.8985267 12.4709223
41.8985841 12.470942
41.8986094 12.4708218
building yes -1 -1
41.8991553 12.4692893
41.8992502 12.4693972
41.899221 12.4694364
41.8992672 12.4694897
41.899221 12.4695518
41.8990921 12.4693885
41.8991553 12.4692893
building yes -1 -1
41.8990766 12.4707966
41.8991774 12.4706469
41.8991047 12.4705692
41.8990884 12.4705518
41.8990413 12.4706195
41.8989881 12.4707121
41.8990766 12.4707966
building yes -1 -1
41.8993097 12.4704579
41.8992653 12.4705201
41.8992181 12.4704408
41.8992278 12.470428
41.8992503 12.4704006
41.8992674 12.4704035
41.8993097 12.4704579
building yes -1 -1
41.898977 12.469701
41.8989194 12.4695899
41.8990054 12.4694941
41.8990387 12.4695493
41.8990653 12.4695932
41.899024 12.4696357
41.898977 12.469701
building yes -1 -1
41.8993118 12.4695529
41.8992647 12.4696128
41.8993191 12.4696945
41.8993353 12.4696685
41.8993442 12.4696542
41.8993272 12.4696357
41.8993458 12.469603
41.8993118 12.4695529
building yes -1 -1
41.8995757 12.4679913
41.8996141 12.4680364
41.8995953 12.4680776
41.8996091 12.4680962
41.8995766 12.4681399
41.8995539 12.4681982
41.8995007 12.4681651
41.8995757 12.4679913
building yes -1 -1
41.8992153 12.4687506
41.8992209 12.4689437
41.899303 12.4689524
41.8993108 12.4688842
41.8993434 12.4688879
41.8993877 12.4688929
41.8993964 12.4687992
41.8992153 12.4687506
building yes -1 -1
41.8993191 12.4696945
41.8993701 12.4697718
41.899405 12.469713
41.899378 12.4696724
41.8993693 12.4696847
41.899362 12.4696956
41.8993353 12.4696685
41.8993191 12.4696945
building yes -1 -1
41.8993442 12.4696542
41.8993693 12.4696847
41.899378 12.4696724
41.8994034 12.4696368
41.8993596 12.4695801
41.8993458 12.469603
41.8993272 12.4696357
41.8993442 12.4696542
building yes -1 -1
41.8984655 12.4707655
41.8982967 12.4707137
41.8982751 12.4708629
41.8983205 12.4708705
41.8983103 12.470939
41.8983385 12.4709484
41.8984349 12.4709801
41.8984655 12.4707655
building yes -1 -1
41.8994527 12.469151
41.8994698 12.4690837
41.8994177 12.469061
41.899359 12.4690557
41.8993426 12.4690519
41.8992995 12.4692255
41.8993304 12.4692536
41.8993577 12.4691153
41.8994527 12.469151
building yes -1 -1
41.8991464 12.4695159
41.8991869 12.4695736
41.8991359 12.469652
41.8991075 12.4696901
41.8990826 12.4697178
41.899024 12.4696357
41.8990653 12.4695932
41.8990783 12.4696052
41.8991464 12.4695159
building yes -1 -1
41.8989346 12.4710456
41.8988678 12.4710106
41.8988326 12.4711369
41.898822 12.4712087
41.8988168 12.4712435
41.8988408 12.4712499
41.8988859 12.4712618
41.8989006 12.4711674
41.8989346 12.4710456
building yes -1 -1
41.8984723 12.4701287
41.8984135 12.4702419
41.898474 12.4702848
41.8985067 12.4703118
41.8985761 12.4703488
41.8985836 12.4703257
41.8986027 12.4702994
41.8985697 12.4702696
41.8985916 12.4702252
41.8984723 12.4701287
building yes -1 -1
41.8990716 12.4702252
41.8991249 12.4703041
41.8991367 12.4702883
41.8991624 12.4702624
41.8991821 12.4702948
41.8991956 12.4703171
41.8992471 12.4702667
41.8991613 12.470104
41.8991227 12.4701601
41.8990716 12.4702252
building yes -1 -1
41.8992209 12.4689437
41.8992222 12.469033
41.8993121 12.4690715
41.8993212 12.469047
41.8993426 12.4690519
41.899359 12.4690557
41.8993577 12.4689629
41.8993409 12.4689597
41.899303 12.4689524
41.8992209 12.4689437
building yes -1 -1
41.8994471 12.470251
41.8993782 12.4703621
41.8993134 12.4702858
41.8993628 12.4702347
41.8992939 12.4700865
41.8993766 12.469994
41.8994107 12.4700473
41.8993653 12.4700996
41.8993953 12.4701628
41.8994471 12.470251
building yes -1 -1
41.8992131 12.4690925
41.8991636 12.4692483
41.8993056 12.4694006
41.899346 12.4692973
41.8993225 12.4692798
41.8993304 12.4692536
41.8992995 12.4692255
41.8992821 12.4692098
41.8992952 12.469145
41.8992131 12.4690925
building yes -1 -1
41.8992471 12.4702667
41.8993006 12.4703401
41.8992674 12.4704035
41.8992503 12.4704006
41.8992278 12.470428
41.8991892 12.4703661
41.899158 12.4703199
41.8991821 12.4702948
41.8991956 12.4703171
41.8992471 12.4702667
landuse forest
41.8998599 12.4692455
41.8998672 12.4692649
41.8998737 12.4692882
41.8998722 12.4693154
41.8998599 12.4693403
41.8998254 12.4693784
41.8999047 12.4695711
41.8998866 12.469586
41.8998709 12.4695919
41.8998512 12.4695981
41.8998308 12.4695978
41.8998086 12.469588
41.8997909 12.4695749
41.8997758 12.4695504
41.8997676 12.4695283
41.8997625 12.4695093
41.8997608 12.4694803
41.8997589 12.4694485
41.8997505 12.4694227
41.8997405 12.4694043
41.8997273 12.4693974
41.8996603 12.4693898
41.8996631 12.4693272
41.8997028 12.4693277
41.8997047 12.4692516
41.8997073 12.4692169
41.8997045 12.4691964
41.8996986 12.4691812
41.899688 12.4691644
41.8996845 12.4691506
41.8996854 12.4691352
41.8998162 12.4691728
41.8998145 12.4692362
41.8998599 12.4692455
way residential 1 false true
41.8997842 12.4681963
41.8997468 12.4682589
41.8997067 12.4683254
41.8996657 12.4684041
41.8996414 12.4684622
41.8996385 12.4685087
way pedestrian -1 false false
41.8998866 12.4680801
41.9001306 12.4681721
41.9001645 12.468178
41.9004216 12.4681756
41.9005233 12.4681724
building yes -1 -1
41.8998478 12.4701112
41.8996751 12.4699287
41.8995977 12.4700681
41.8996559 12.4701383
41.8996713 12.4701569
41.8997034 12.4701062
41.8997194 12.4701227
41.899693 12.4701645
41.8997217 12.4701949
41.8997779 12.4702545
41.8998478 12.4701112
building yes -1 -1
41.9002451 12.4685917
41.9003386 12.4685802
41.9003439 12.4685265
41.9003943 12.4685175
41.9003952 12.468424
41.900294 12.4684474
41.9002842 12.4683977
41.9002519 12.4684037
41.9002636 12.4684656
41.9002636 12.4685686
41.9002435 12.4685702
41.9002451 12.4685917
building yes -1 -1
41.8999141 12.4699337
41.8999783 12.4698335
41.8999075 12.4698399
41.8999009 12.4697702
41.8998707 12.4697207
41.8998849 12.4697042
41.8998981 12.4697106
41.8998934 12.4696358
41.899816 12.4696383
41.8997753 12.4696828
41.8997915 12.4697232
41.8999141 12.4699337
building yes -1 -1
41.8999783 12.4698335
41.9001114 12.4697828
41.9001101 12.4697359
41.9001029 12.4694659
41.8999947 12.4694679
41.8999906 12.4695065
41.8999953 12.4696142
41.8998943 12.4696155
41.8998934 12.4696358
41.8998981 12.4697106
41.8999009 12.4697702
41.8999075 12.4698399
41.8999783 12.4698335
building yes -1 -1
41.9004756 12.4695952
41.9004784 12.4695033
41.9004811 12.4694418
41.9003293 12.4694393
41.9003189 12.4695153
41.900318 12.4696206
41.9003279 12.4696194
41.9003274 12.469599
41.900369 12.4695889
41.9003777 12.4695894
41.9003797 12.4695428
41.9004029 12.4695428
41.9004044 12.469591
41.9004756 12.4695952
building yes -1 -1
41.9001114 12.4697828
41.9003991 12.4698082
41.9004699 12.4697993
41.9004718 12.4697359
41.9003737 12.4697397
41.9003218 12.4697313
41.9003114 12.4697296
41.9003114 12.4696675
41.9002472 12.4696662
41.9002387 12.4697258
41.9001274 12.4697093
41.9001255 12.4697359
41.9001101 12.4697359
41.9001114 12.4697828
building yes -1 -1
41.90025 12.4687849
41.9003045 12.4687841
41.9003054 12.4687445
41.9003597 12.4687445
41.9003893 12.4687466
41.9003899 12.4687324
41.9004646 12.4687343
41.9004646 12.4686715
41.9003937 12.468672
41.9003061 12.4686725
41.9003016 12.4686117
41.9002471 12.4686179
41.9002541 12.4687113
41.90025 12.4687849
building yes -1 -1
41.9002691 12.4693186
41.9002661 12.4692881
41.9001621 12.469296
41.9000925 12.4692958
41.9000896 12.4693518
41.9000076 12.4693467
41.8999985 12.4694318
41.9001353 12.4694389
41.9001498 12.4694376
41.9001498 12.4694169
41.9001831 12.469413
41.9001821 12.4693967
41.9001831 12.4693351
41.9002314 12.4693338
41.9002311 12.4693581
41.9002705 12.4693571
41.9002691 12.4693186
building yes -1 -1
41.9000925 12.4692958
41.9000896 12.4693518
41.9000076 12.4693467
41.8999985 12.4694318
41.8999947 12.4694679
41.8999906 12.4695065
41.8999047 12.4695711
41.8998254 12.4693784
41.8998679 12.469367
41.8999151 12.4693721
41.8999314 12.4692602
41.8999692 12.469268
41.8999705 12.4692491
41.9000022 12.4692502
41.9000312 12.4692489
41.9000327 12.4692956
41.9000925 12.4692958
building yes -1 -1
41.8995175 12.4702038
41.8993854 12.4704079
41.8994529 12.4705078
41.8995052 12.4704523
41.8994779 12.4704218
41.899492 12.4704003
41.8995024 12.4704117
41.8995221 12.4703861
41.8995298 12.4703762
41.8995185 12.470361
41.8995345 12.4703382
41.8995458 12.4703547
41.8995675 12.4703293
41.8995627 12.4703229
41.8995534 12.4703103
41.8995732 12.4702824
41.8995571 12.4702558
41.8995175 12.4702038
building yes -1 -1
41.9001349 12.469599
41.9001362 12.4694617
41.9001353 12.4694389
41.9001498 12.4694376
41.9001498 12.4694169
41.9001831 12.469413
41.9001821 12.4693967
41.9001831 12.4693351
41.9002314 12.4693338
41.9002311 12.4693581
41.9002304 12.4694013
41.900272 12.4693993
41.900276 12.4695156
41.9002763 12.4695266
41.9002135 12.4695256
41.9001947 12.4695253
41.9001906 12.4696079
41.9001349 12.469599
building yes -1 -1
41.9004718 12.4697359
41.9004756 12.4695952
41.9004044 12.469591
41.9003777 12.4695894
41.900369 12.4695889
41.9003274 12.469599
41.9003279 12.4696194
41.9003284 12.4696396
41.9003557 12.4696383
41.9003567 12.4696206
41.9003756 12.4696206
41.9003774 12.4696561
41.9004001 12.4696548
41.9003991 12.4697004
41.9003652 12.4696992
41.9003652 12.4696637
41.9003114 12.4696675
41.9003218 12.4697313
41.9003737 12.4697397
41.9004718 12.4697359
building yes -1 -1
41.8997308 12.4703242
41.8997779 12.4702545
41.8997217 12.4701949
41.8996767 12.4702509
41.8997308 12.4703242
building yes -1 -1
41.8997292 12.4694786
41.8997386 12.4695458
41.8996654 12.469571
41.8996532 12.4695039
41.8997292 12.4694786
building yes -1 -1
41.9002565 12.4695915
41.9003048 12.4695928
41.9003048 12.4695473
41.9002706 12.4695455
41.9002565 12.4695915
building yes -1 -1
41.8995939 12.4704903
41.8996204 12.4704573
41.8995458 12.4703547
41.8995298 12.4703762
41.8995221 12.4703861
41.8995939 12.4704903
building yes -1 -1
41.8994971 12.4695559
41.8995442 12.4696979
41.8996735 12.4696155
41.8996654 12.469571
41.8996532 12.4695039
41.8994971 12.4695559
building apartments -1 4
41.8994529 12.4705078
41.8995118 12.4705943
41.8995571 12.4705372
41.8995206 12.4704774
41.8995052 12.4704523
41.8994529 12.4705078
building yes -1 -1
41.9005129 12.4686117
41.9005182 12.4685285
41.9003943 12.4685175
41.9003944 12.4685498
41.9004148 12.4685528
41.9004133 12.4686117
41.9005129 12.4686117
building yes -1 -1
41.9005198 12.4683769
41.90051 12.4681862
41.9003733 12.4681913
41.9003771 12.4682745
41.900405 12.4682725
41.9004066 12.4683779
41.9005198 12.4683769
building yes -1 -1
41.9002142 12.4695825
41.9002135 12.4695256
41.9002763 12.4695266
41.9002706 12.4695455
41.9002565 12.4695915
41.9002491 12.4695876
41.9002142 12.4695825
building yes -1 -1
41.9004066 12.4683779
41.9003341 12.468384
41.9003039 12.4682157
41.9003733 12.4681913
41.9003771 12.4682745
41.900405 12.4682725
41.9004066 12.4683779
building yes -1 -1
41.9005182 12.4685285
41.9005198 12.4683769
41.9004066 12.4683779
41.9004066 12.4684256
41.9003952 12.468424
41.9003943 12.4685175
41.9005182 12.4685285
building yes -1 -1
41.9003189 12.4695153
41.900276 12.4695156
41.900272 12.4693993
41.9003155 12.4694
41.9003155 12.4694396
41.9003293 12.4694393
41.9003189 12.4695153
building yes -1 -1
41.9003386 12.4685802
41.9003363 12.4686208
41.9003929 12.4686117
41.9003944 12.4685498
41.9003943 12.4685175
41.9003439 12.4685265
41.9003386 12.4685802
building yes -1 -1
41.9005077 12.4687354
41.9005129 12.4686117
41.9004133 12.4686117
41.9003929 12.4686117
41.9003937 12.468672
41.9004646 12.4686715
41.9004646 12.4687343
41.9005077 12.4687354
building yes -1 -1
41.8995402 12.4691371
41.8995178 12.4693252
41.8996631 12.4693272
41.8997028 12.4693277
41.8997047 12.4692516
41.8996518 12.4692453
41.8996611 12.4691649
41.8995402 12.4691371
building apartments -1 -1
41.8995571 12.4705372
41.8995939 12.4704903
41.8995221 12.4703861
41.8995024 12.4704117
41.8994949 12.4704231
41.8995288 12.4704675
41.8995206 12.4704774
41.8995571 12.4705372
building yes -1 -1
41.9002117 12.4681962
41.9003039 12.4682157
41.9003341 12.468384
41.9002842 12.4683977
41.9002519 12.4684037
41.9002447 12.4683658
41.9002282 12.4683642
41.9002117 12.4681962
building yes -1 -1
41.8995178 12.4693252
41.8994933 12.4694938
41.8994971 12.4695559
41.8996532 12.4695039
41.8997292 12.4694786
41.8997273 12.4693974
41.8996603 12.4693898
41.8996631 12.4693272
41.8995178 12.4693252
building yes -1 -1
41.90051 12.4679274
41.9005085 12.4681211
41.9004828 12.4681545
41.9004187 12.4681566
41.9004157 12.4680541
41.9003772 12.4680572
41.9003801 12.4679831
41.9003824 12.4679223
41.90051 12.4679274
building yes -1 -1
41.8994971 12.4691678
41.8995415 12.4689524
41.8994698 12.4689262
41.8994592 12.469002
41.8994372 12.4689944
41.8994177 12.469061
41.8994698 12.4690837
41.8994527 12.469151
41.8994971 12.4691678
building yes -1 -1
41.9001274 12.4697093
41.9001349 12.469599
41.9001906 12.4696079
41.9002114 12.4696015
41.9002142 12.4695825
41.9002491 12.4695876
41.9002321 12.4696611
41.9002472 12.4696662
41.9002387 12.4697258
41.9001274 12.4697093
building yes -1 -1
41.8996204 12.4704573
41.8997308 12.4703242
41.8996767 12.4702509
41.8996385 12.470199
41.8995958 12.470252
41.8996053 12.4702723
41.8995627 12.4703229
41.8995675 12.4703293
41.8995458 12.4703547
41.8996204 12.4704573
building yes -1 -1
41.8995977 12.4700681
41.8995175 12.4702038
41.8995571 12.4702558
41.899577 12.4702279
41.8995958 12.470252
41.8996385 12.470199
41.8996572 12.4701759
41.899643 12.470162
41.8996559 12.4701383
41.8995977 12.4700681
landuse pedestrian 1
41.9000381 12.4712493
41.9000391 12.4712371
41.9000407 12.4712174
41.9000572 12.4710186
41.9000623 12.4709579
41.9000734 12.4708236
41.9000746 12.4708086
41.9000758 12.4707941
41.899977 12.470799
41.8999113 12.4708025
41.8998709 12.4708084
41.8998861 12.4708305
41.8998997 12.47085
41.8999691 12.4709537
41.899967 12.471194
41.899966 12.4712156
41.8999653 12.4712379
41.9000381 12.4712493
building yes -1 -1
41.9001514 12.4709942
41.9001395 12.4710512
41.9001494 12.4710551
41.9001458 12.4710746
41.9001985 12.4710994
41.9002322 12.4710984
41.9002322 12.471064
41.9002104 12.4710636
41.9002104 12.4710155
41.9001782 12.4710052
41.9001514 12.4709942
building yes -1 -1
41.9002866 12.470242
41.9004627 12.4702383
41.9004636 12.4704397
41.900354 12.4704409
41.9003531 12.4703702
41.9003426 12.4703691
41.9003417 12.4704244
41.9002778 12.4704309
41.9002907 12.4703528
41.9002866 12.470242
building yes -1 -1
41.9000734 12.4708236
41.9001948 12.4708451
41.9001887 12.4708883
41.9001705 12.4708845
41.9001677 12.4709034
41.9001894 12.4709109
41.9001782 12.4710052
41.9001514 12.4709942
41.9000968 12.4709718
41.9000623 12.4709579
41.9000734 12.4708236
building yes -1 -1
41.9001214 12.4703394
41.9001155 12.4705315
41.9001129 12.470614
41.9000585 12.4706164
41.9000585 12.4706089
41.9000384 12.470607
41.9000432 12.4705174
41.9000549 12.4703023
41.9000726 12.4703149
41.9001214 12.4703394
building yes -1 -1
41.9004552 12.4711135
41.9004573 12.4709219
41.900458 12.4708619
41.9003605 12.4708591
41.9003584 12.4709185
41.9003872 12.4709175
41.9003879 12.4709995
41.9003717 12.4710014
41.9003717 12.4710664
41.9003584 12.4710662
41.9003584 12.471111
41.9004552 12.4711135
building yes -1 -1
41.9002795 12.4698697
41.9002821 12.4698379
41.9002242 12.4698296
41.9001594 12.4698402
41.900162 12.4699392
41.9001795 12.4699368
41.9001804 12.4699545
41.9002137 12.4699486
41.9002146 12.469971
41.900247 12.469971
41.9002782 12.469971
41.9002795 12.4698697
building yes -1 -1
41.8997754 12.4703349
41.8996566 12.4704747
41.8996979 12.4705671
41.89974 12.4705426
41.899752 12.4705633
41.8998038 12.4705237
41.8998221 12.4705746
41.8998491 12.4705543
41.8998464 12.4705446
41.8998692 12.4704515
41.8998481 12.4704291
41.8997754 12.4703349
building yes -1 -1
41.9000831 12.4702006
41.9000384 12.4701688
41.8999928 12.4702583
41.8998698 12.4701575
41.8999369 12.4700197
41.8999946 12.4700581
41.9000209 12.4700817
41.9000559 12.4700122
41.9000743 12.4700263
41.9001094 12.4700522
41.9001059 12.4700734
41.9000831 12.4702006
building yes -1 -1
41.900098 12.4707931
41.9000758 12.4707941
41.899977 12.470799
41.8999691 12.4706623
41.8999699 12.4706211
41.8999718 12.4705175
41.9000432 12.4705174
41.9000384 12.470607
41.9000585 12.4706089
41.9000585 12.4706164
41.9000585 12.4706776
41.9001062 12.4706775
41.900098 12.4707931
building yes -1 -1
41.9001594 12.4698402
41.900098 12.4698508
41.9000882 12.4699238
41.9000743 12.4700263
41.9001401 12.4700192
41.9001418 12.4700404
41.9001699 12.4700382
41.9001681 12.4699721
41.9001813 12.4699718
41.9001804 12.4699545
41.9001795 12.4699368
41.900162 12.4699392
41.9001594 12.4698402
building yes -1 -1
41.9002725 12.4705375
41.9001155 12.4705315
41.9001129 12.470614
41.9000585 12.4706164
41.9000585 12.4706776
41.9001062 12.4706775
41.9001094 12.4706329
41.9001541 12.4706329
41.9001602 12.4705681
41.9002733 12.4705705
41.9003145 12.4705693
41.9003163 12.470538
41.9002725 12.4705375
building yes -1 -1
41.9000572 12.4710186
41.9000904 12.471032
41.9001395 12.4710512
41.9001494 12.4710551
41.9001458 12.4710746
41.9001375 12.4711192
41.9001536 12.4711229
41.9001431 12.4711974
41.9001277 12.4712011
41.9001179 12.4712671
41.9000477 12.4712362
41.9000505 12.4712201
41.9000407 12.4712174
41.9000572 12.4710186
building yes -1 -1
41.8999113 12.4708025
41.8998709 12.4708084
41.8998499 12.4707365
41.8998613 12.4707236
41.8998593 12.4706829
41.8998578 12.4706517
41.899892 12.4706517
41.8998911 12.4705952
41.8998604 12.470594
41.8998491 12.4705543
41.8998464 12.4705446
41.8998692 12.4704515
41.8998999 12.470468
41.8998955 12.4704963
41.8999253 12.470508
41.8999226 12.4705202
41.8999086 12.470521
41.8999113 12.4708025
building yes -1 -1
41.8993308 12.4704923
41.8994599 12.4706911
41.8994627 12.4707137
41.8993799 12.4708843
41.8993427 12.4709766
41.8993224 12.4710266
41.8992428 12.4709599
41.8991941 12.4709192
41.8992025 12.4709088
41.8991898 12.4708881
41.8991974 12.4708786
41.8992095 12.4708636
41.8992214 12.4708786
41.89926 12.470823
41.8992326 12.4707759
41.8992256 12.4707854
41.8991821 12.4707123
41.8991772 12.4707006
41.8993308 12.4704923
building yes -1 -1
41.8991134 12.470808
41.8991821 12.4707123
41.8992256 12.4707854
41.8991728 12.4708579
41.8991134 12.470808
building yes -1 -1
41.9000623 12.4709579
41.9000572 12.4710186
41.9000904 12.471032
41.9000968 12.4709718
41.9000623 12.4709579
building yes -1 -1
41.899496 12.4707932
41.8994721 12.4708422
41.8995058 12.4708535
41.8995253 12.4708154
41.899496 12.4707932
building yes -1 -1
41.8998009 12.4702849
41.8997754 12.4703349
41.8998481 12.4704291
41.8998866 12.4703775
41.8998604 12.4703437
41.8998009 12.4702849
building yes -1 -1
41.9001267 12.4701987
41.9001313 12.4703443
41.9001214 12.4703394
41.9000726 12.4703149
41.9000997 12.4701999
41.9001267 12.4701987
building yes -1 -1
41.8999726 12.4699439
41.8999369 12.4700197
41.8999946 12.4700581
41.9000284 12.4699849
41.8999726 12.4699439
building yes -1 -1
41.8998997 12.47085
41.8999691 12.4709537
41.8998744 12.4709839
41.8998569 12.4709584
41.8998302 12.4709735
41.8998029 12.4709066
41.8998997 12.47085
building yes -1 -1
41.9004653 12.4705398
41.9004666 12.4706263
41.9004665 12.470661
41.9002698 12.4706576
41.9002733 12.4705705
41.9003145 12.4705693
41.9003163 12.470538
41.9004653 12.4705398
building yes -1 -1
41.8999505 12.4704048
41.8999332 12.4704833
41.8998999 12.470468
41.8998692 12.4704515
41.8998937 12.4703855
41.8999008 12.4703745
41.8999505 12.4704048
building yes -1 -1
41.8999928 12.4702583
41.9000549 12.4703023
41.9000726 12.4703149
41.9000997 12.4701999
41.9000831 12.4702006
41.9000384 12.4701688
41.8999928 12.4702583
landuse garden
41.9002725 12.4705375
41.9001155 12.4705315
41.9001214 12.4703394
41.9001313 12.4703443
41.9001729 12.4703689
41.9002778 12.4704309
41.9002725 12.4705375
building yes -1 -1
41.900098 12.4698508
41.8999981 12.4698803
41.8999726 12.4699439
41.9000284 12.4699849
41.9000463 12.469998
41.9000735 12.4699238
41.9000882 12.4699238
41.900098 12.4698508
building yes -1 -1
41.8996566 12.4704747
41.8996005 12.470556
41.8996639 12.4706358
41.8996741 12.4706274
41.899752 12.4705633
41.89974 12.4705426
41.8996979 12.4705671
41.8996566 12.4704747
building yes -1 -1
41.8998698 12.4701575
41.899846 12.4702026
41.8999055 12.4702614
41.8998604 12.4703437
41.8998866 12.4703775
41.8998937 12.4703855
41.8999008 12.4703745
41.8999104 12.4703596
41.8999542 12.4703879
41.8999928 12.4702583
41.8998698 12.4701575
building yes -1 -1
41.8996005 12.470556
41.8995934 12.4705471
41.8995495 12.4706102
41.8996049 12.4706799
41.8995948 12.4706944
41.8996099 12.4707133
41.8996424 12.4706667
41.8996639 12.4706358
41.8996005 12.470556
building yes -1 -1
41.8997138 12.4710055
41.8998029 12.4709066
41.8998302 12.4709735
41.8998506 12.4710199
41.899833 12.4710291
41.8997994 12.4710639
41.8997875 12.4710479
41.8997629 12.4710762
41.8997138 12.4710055
building yes -1 -1
41.8994721 12.4708422
41.899395 12.4710721
41.8994875 12.4710806
41.8995521 12.4710618
41.8995465 12.47096
41.8995177 12.4709468
41.8995465 12.4708648
41.8995058 12.4708535
41.8994721 12.4708422
building yes -1 -1
41.9004636 12.4704397
41.9004653 12.4705398
41.9003163 12.470538
41.9002725 12.4705375
41.9002778 12.4704309
41.9003417 12.4704244
41.9003417 12.4704786
41.9003575 12.4704774
41.900354 12.4704409
41.9004636 12.4704397
building yes -1 -1
41.8998022 12.4711751
41.8997566 12.4711657
41.8996703 12.4711299
41.8996647 12.471112
41.8996773 12.471079
41.8997138 12.4710055
41.8997629 12.4710762
41.8997517 12.4710922
41.8998061 12.4710933
41.8998022 12.4711751
building yes -1 -1
41.9002471 12.4700066
41.900247 12.469971
41.9002146 12.469971
41.9001813 12.4699718
41.9001681 12.4699721
41.9001699 12.4700382
41.9001708 12.4700699
41.900207 12.4700711
41.9002029 12.4700108
41.9002471 12.4700066
building yes -1 -1
41.9001708 12.4700699
41.9001059 12.4700734
41.9000831 12.4702006
41.9000997 12.4701999
41.9001267 12.4701987
41.9001672 12.470197
41.9001659 12.4701583
41.9002128 12.4701583
41.900207 12.4700711
41.9001708 12.4700699
building yes -1 -1
41.899977 12.470799
41.8999113 12.4708025
41.8999086 12.470521
41.8999226 12.4705202
41.8999718 12.4705175
41.8999699 12.4706211
41.8999376 12.4706235
41.8999376 12.4706623
41.8999691 12.4706623
41.899977 12.470799
way residential -1 false true
41.8991941 12.4685303
41.899196 12.4684932
41.8991995 12.4684567
way residential -1 false true
41.9010895 12.4668879
41.9010564 12.4669239
41.9009545 12.4670242
41.9007058 12.4672745
41.9005531 12.467407
41.900529 12.4674291
41.9003641 12.4675974
41.9001105 12.467875
41.9000758 12.4679144
41.8998866 12.4680801
41.8998289 12.4681427
41.8997842 12.4681963
way pedestrian -1 false false
41.8989791 12.4682058
41.8988892 12.468133
41.8987047 12.4679801
41.8985594 12.467845
building yes -1 -1
41.899846 12.4702026
41.8999055 12.4702614
41.8998604 12.4703437
41.8998009 12.4702849
41.899846 12.4702026
building yes -1 -1
41.8987302 12.4691304
41.8987514 12.4691443
41.8987683 12.4691665
41.8987792 12.4691947
41.8987829 12.469226
41.8987791 12.4692574
41.8987682 12.4692855
41.8987513 12.4693077
41.8987301 12.4693216
41.8987034 12.4693258
41.8986965 12.4694009
41.8986894 12.469454
41.8988882 12.4695048
41.8989428 12.4694512
41.8991106 12.4692249
41.8991703 12.4686183
41.8991593 12.4685952
41.8990685 12.4685792
41.8989843 12.468563
41.8989394 12.4685543
41.898559 12.4684802
41.8984353 12.4684553
41.8982544 12.468432
41.8982297 12.4687055
41.8982139 12.46888
41.8982084 12.4689413
41.8985393 12.4690054
41.8985417 12.4689813
41.8986849 12.4690117
41.8986707 12.4691173
41.8987302 12.4691304
-1073741824 -1073741824
41.8985279 12.468645
41.8984941 12.4689086
41.8984052 12.468888
41.898439 12.4686244
41.8985279 12.468645
-1073741824 -1073741824
41.8990255 12.4687544
41.8988301 12.4687196
41.898805 12.4689751
41.8990004 12.4690099
41.8990255 12.4687544
-1073741824 -1073741824
41.8989592 12.4692239
41.8988858 12.4693426
41.8987839 12.4693256
41.8987998 12.4691939
41.8989592 12.4692239
-1073741824 -1073741824
building yes -1 -1
41.8983044 12.4683421
41.8985642 12.4684027
41.898637 12.4681438
41.8986275 12.4680696
41.8986774 12.46799
41.8985656 12.4678905
41.8982876 12.4682627
41.8983044 12.4683421
-1073741824 -1073741824
41.8984511 12.4682217
41.8985157 12.4683013
41.898571 12.4682343
41.898571 12.4682126
41.898513 12.468142
41.8984511 12.4682217
-1073741824 -1073741824
building yes -1 -1
41.8985642 12.4684027
41.8989487 12.4684791
41.8989625 12.4683612
41.8989763 12.4682315
41.8986774 12.46799
41.8986275 12.4680696
41.898637 12.4681438
41.8985642 12.4684027
-1073741824 -1073741824
41.8988431 12.4682181
41.8988835 12.4682416
41.8988808 12.4682723
41.8988336 12.4682687
41.8988431 12.4682181
-1073741824 -1073741824
41.8986383 12.4683049
41.8987205 12.4683212
41.8987488 12.4681963
41.8986747 12.4681457
41.8986383 12.4683049
-1073741824 -1073741824
building yes -1 -1
41.8994142 12.467827
41.8995757 12.4679913
41.8995007 12.4681651
41.8994196 12.4681137
41.8993239 12.4680464
41.8993916 12.4678694
41.8994142 12.467827
-1073741824 -1073741824
building yes -1 -1
41.8993056 12.4694006
41.8994177 12.4695232
41.8994971 12.4691678
41.8994527 12.469151
41.8993577 12.4691153
41.8993304 12.4692536
41.8993225 12.4692798
41.899346 12.4692973
41.8993056 12.4694006
-1073741824 -1073741824
41.8994164 12.4692676
41.8994281 12.4692185
41.8993734 12.4691905
41.8993655 12.4692203
41.899389 12.4692343
41.8993799 12.4692641
41.8994164 12.4692676
-1073741824 -1073741824
building yes -1 -1
41.8992258 12.4685219
41.8995428 12.4685428
41.899488 12.4688264
41.8993964 12.4687992
41.8992153 12.4687506
41.8992166 12.4686389
41.8992185 12.4686053
41.8992258 12.4685219
-1073741824 -1073741824
41.8994085 12.4687406
41.8994607 12.4687564
41.8994802 12.4686583
41.8994164 12.4686548
41.8994085 12.4687406
-1073741824 -1073741824
building yes -1 -1
41.8988462 12.4709089
41.8989598 12.4710054
41.8990766 12.4707966
41.8989881 12.4707121
41.8989802 12.4707261
41.8989523 12.4706973
41.8989212 12.470752
41.8988869 12.4708225
41.8988462 12.4709089
-1073741824 -1073741824
41.8989544 12.4708081
41.8989866 12.4708384
41.8990134 12.4707851
41.8989812 12.4707563
41.8989544 12.4708081
-1073741824 -1073741824
building yes -1 -1
41.8992754 12.4680819
41.8991997 12.4682897
41.8989823 12.4681836
41.8989901 12.4681605
41.8990308 12.4680396
41.8990567 12.4679769
41.8990801 12.4679203
41.8991313 12.4679717
41.8991127 12.4680382
41.899158 12.4680594
41.8991761 12.4680135
41.8992754 12.4680819
-1073741824 -1073741824
41.8991195 12.4681049
41.899164 12.4681287
41.8991536 12.4681637
41.8991091 12.4681398
41.8991195 12.4681049
-1073741824 -1073741824
building yes -1 -1
41.8987468 12.4700512
41.8988826 12.4702264
41.8988022 12.4703488
41.8986651 12.4701719
41.8987058 12.4701141
41.8987465 12.4701587
41.8987722 12.4701184
41.8987336 12.4700694
41.8987468 12.4700512
-1073741824 -1073741824
41.8986746 12.469843
41.8986276 12.469904
41.8985761 12.4699727
41.8985101 12.4700636
41.8984723 12.4701287
41.8985916 12.4702252
41.8986147 12.4702437
41.8986275 12.4702653
41.8986027 12.4702994
41.8985836 12.4703257
41.8986272 12.4703806
41.8987186 12.4704957
41.8987004 12.4705259
41.8987304 12.4705619
41.8987797 12.4704841
41.8988762 12.4705806
41.8988912 12.4705513
41.8989667 12.4704034
41.8990048 12.4703286
41.8989159 12.4702365
41.898948 12.4701876
41.8987902 12.4699861
41.8986746 12.469843
-1073741824 -1073741824
building yes -1 -1
41.8988923 12.4696302
41.8987184 12.4697976
41.8986746 12.469843
41.8987902 12.4699861
41.898948 12.4701876
41.899022 12.4702883
41.8990716 12.4702252
41.8991227 12.4701601
41.8991613 12.470104
41.8988923 12.4696302
-1073741824 -1073741824
41.898891 12.4698969
41.8989253 12.4699474
41.898937 12.469933
41.8989027 12.4698825
41.898891 12.4698969
-1073741824 -1073741824
41.8988473 12.4699571
41.8988773 12.4699196
41.8989609 12.4700622
41.8989352 12.4700881
41.8988473 12.4699571
-1073741824 -1073741824
41.8989938 12.4700779
41.8990206 12.4700501
41.8990368 12.4700782
41.89901 12.470106
41.8989938 12.4700779
-1073741824 -1073741824
building yes -1 -1
41.8999047 12.4683552
41.8999509 12.4682246
41.9000387 12.4682816
41.9000293 12.4683121
41.9000094 12.4683628
41.8999943 12.4683564
41.899983 12.4683602
41.8999764 12.4683767
41.8999047 12.4683552
-1073741824 -1073741824
41.8998739 12.46813
41.8999498 12.4681439
41.8999557 12.4681249
41.9000831 12.4681756
41.9001515 12.4681931
41.9002117 12.4681962
41.9002282 12.4683642
41.9002447 12.4683658
41.9002519 12.4684037
41.9002636 12.4684656
41.9002636 12.4685686
41.9002435 12.4685702
41.9002451 12.4685917
41.9002471 12.4686179
41.9002541 12.4687113
41.90025 12.4687849
41.9002484 12.4688124
41.9002403 12.4689564
41.9002376 12.4690044
41.9002671 12.469006
41.9002659 12.4692073
41.9001586 12.4692041
41.9001621 12.469296
41.9000925 12.4692958
41.9000327 12.4692956
41.9000312 12.4692489
41.9000022 12.4692502
41.9000037 12.4691639
41.8998899 12.469131
41.8998786 12.4692198
41.8998965 12.4692236
41.8999012 12.4691995
41.8999729 12.4692135
41.8999705 12.4692491
41.8999692 12.469268
41.8999314 12.4692602
41.8998599 12.4692455
41.8998145 12.4692362
41.8998162 12.4691728
41.8996854 12.4691352
41.8996715 12.4691312
41.8996611 12.4691649
41.8995402 12.4691371
41.8995859 12.4689113
41.8996066 12.4689173
41.8996464 12.4687132
41.8996243 12.4687073
41.8996615 12.468501
41.8997682 12.4685276
41.8997706 12.468503
41.8997729 12.4684794
41.8997436 12.468468
41.8998739 12.46813
-1073741824 -1073741824
41.9001098 12.4689029
41.9001824 12.4689155
41.9001739 12.4690233
41.9000965 12.4690131
41.9001098 12.4689029
-1073741824 -1073741824
41.8998361 12.4689954
41.8999918 12.469041
41.9000296 12.4686873
41.9001598 12.4686975
41.9001683 12.468397
41.900005 12.4684313
41.8999522 12.4684224
41.8999263 12.4685501
41.8998361 12.4689954
-1073741824 -1073741824
building yes -1 -1
41.9004187 12.4681566
41.9001613 12.4681566
41.9001764 12.467999
41.9002058 12.4680014
41.9002391 12.4679968
41.9002375 12.4680257
41.9002904 12.4680298
41.9002873 12.4679963
41.9003379 12.4679852
41.9003801 12.4679831
41.9003772 12.4680572
41.9004157 12.4680541
41.9004187 12.4681566
-1073741824 -1073741824
building yes -1 -1
41.9005031 12.4689687
41.9002403 12.4689564
41.9002484 12.4688124
41.9003038 12.4688125
41.9003045 12.4687841
41.9003054 12.4687445
41.9003597 12.4687445
41.9003597 12.4687709
41.9003884 12.4687709
41.9003893 12.4687466
41.9003899 12.4687324
41.9004646 12.4687343
41.9005077 12.4687354
41.9005031 12.4689687
-1073741824 -1073741824
41.9003475 12.4688431
41.9003837 12.4688437
41.900384 12.4688123
41.9003478 12.4688117
41.9003475 12.4688431
-1073741824 -1073741824
building yes -1 -1
41.8997603 12.4696053
41.8995678 12.4697397
41.8996329 12.4698171
41.8997047 12.4698855
41.8997915 12.4697232
41.8997753 12.4696828
41.8997651 12.4696573
41.8997603 12.4696053
-1073741824 -1073741824
41.8997141 12.4697207
41.8997349 12.4697004
41.8997462 12.4697207
41.8997264 12.4697423
41.8997141 12.4697207
-1073741824 -1073741824
building yes -1 -1
41.900501 12.4690145
41.9004827 12.4694079
41.9003155 12.4694
41.900272 12.4693993
41.9002705 12.4693571
41.9002691 12.4693186
41.9003174 12.4693206
41.9003242 12.4691502
41.9002872 12.4691472
41.9002948 12.468994
41.900501 12.4690145
-1073741824 -1073741824
41.9003814 12.4691578
41.9004089 12.4691619
41.9004071 12.4691842
41.9003795 12.4691801
41.9003814 12.4691578
-1073741824 -1073741824
building yes -1 -1
41.8997047 12.4698855
41.8998707 12.4700415
41.8999141 12.4699337
41.8997915 12.4697232
41.8997047 12.4698855
-1073741824 -1073741824
41.8998221 12.4698836
41.8998431 12.4698997
41.8998524 12.4698779
41.8998313 12.4698618
41.8998221 12.4698836
-1073741824 -1073741824
building yes -1 -1
41.9001613 12.4681566
41.899971 12.4680988
41.8999793 12.4680663
41.9000654 12.467975
41.9000722 12.4679882
41.9001447 12.4679963
41.9001764 12.467999
41.9001613 12.4681566
-1073741824 -1073741824
building yes -1 -1
41.8993224 12.4710266
41.8992691 12.4711575
41.8990257 12.4710473
41.8990903 12.4708589
41.8991134 12.470808
41.8991728 12.4708579
41.8991974 12.4708786
41.8991898 12.4708881
41.8991457 12.4709606
41.8991267 12.4709493
41.8991162 12.4709804
41.8992137 12.4709738
41.8992151 12.470987
41.8992298 12.4709842
41.8992428 12.4709599
41.8993224 12.4710266
-1073741824 -1073741824
41.8991267 12.4708979
41.8991536 12.470917
41.8991622 12.4708952
41.8991352 12.4708761
41.8991267 12.4708979
-1073741824 -1073741824
building yes -1 -1
41.8998709 12.4708084
41.8997435 12.4709091
41.8996424 12.4706667
41.8996639 12.4706358
41.8996741 12.4706274
41.899752 12.4705633
41.8998038 12.4705237
41.8998221 12.4705746
41.8998459 12.4706896
41.8998593 12.4706829
41.8998613 12.4707236
41.8998499 12.4707365
41.8998709 12.4708084
-1073741824 -1073741824
41.8997134 12.4706886
41.8997618 12.4706557
41.8997751 12.4707216
41.8997393 12.4707461
41.8997134 12.4706886
-1073741824 -1073741824
building yes -1 -1
41.8999691 12.4709537
41.899967 12.471194
41.8998022 12.4711751
41.8998061 12.4710933
41.8998071 12.4710724
41.8998429 12.4710668
41.899833 12.4710291
41.8998506 12.4710199
41.89988 12.4710046
41.8998744 12.4709839
41.8999691 12.4709537
-1073741824 -1073741824
building yes -1 -1
41.9004665 12.470661
41.900464 12.4708237
41.900098 12.4707931
41.9001062 12.4706775
41.9001094 12.4706329
41.9001541 12.4706329
41.9001602 12.4705681
41.9002733 12.4705705
41.9002698 12.4706576
41.9004665 12.470661
-1073741824 -1073741824
41.900193 12.470656
41.9002579 12.4706604
41.9002555 12.4707223
41.9001906 12.4707178
41.900193 12.470656
-1073741824 -1073741824
building yes -1 -1
41.8995495 12.4706102
41.899537 12.4706285
41.8995058 12.4706811
41.899531 12.4707056
41.899496 12.4707932
41.8995253 12.4708154
41.8996096 12.470879
41.899618 12.4708959
41.8995794 12.4709393
41.8995815 12.4709506
41.8995682 12.4709647
41.899571 12.4709968
41.8995899 12.4710476
41.8996411 12.4710194
41.8996664 12.470992
41.8996664 12.4709789
41.8996783 12.4709789
41.8997435 12.4709091
41.8996424 12.4706667
41.8996099 12.4707133
41.8995948 12.4706944
41.8996049 12.4706799
41.8995495 12.4706102
-1073741824 -1073741824
41.8996184 12.4707918
41.8996371 12.4708288
41.8996492 12.4708178
41.8996304 12.4707807
41.8996184 12.4707918
-1073741824 -1073741824
building yes -1 -1
41.9001948 12.4708451
41.9003605 12.4708591
41.9003584 12.4709185
41.9003872 12.4709175
41.9003879 12.4709995
41.9003717 12.4710014
41.9003717 12.4710664
41.9003584 12.4710662
41.9002322 12.471064
41.9002104 12.4710636
41.9002104 12.4710155
41.9001782 12.4710052
41.9001894 12.4709109
41.9001887 12.4708883
41.9001948 12.4708451
-1073741824 -1073741824
41.9002364 12.4709185
41.9003223 12.4709232
41.9003202 12.4709934
41.9002343 12.4709887
41.9002364 12.4709185
-1073741824 -1073741824
building yes -1 -1
41.9004636 12.4701523
41.9002832 12.4701501
41.9002778 12.4700036
41.9002782 12.469971
41.9002795 12.4698697
41.900468 12.4698602
41.9004636 12.4701523
-1073741824 -1073741824
41.9003845 12.4700438
41.9003998 12.4700442
41.9003993 12.4700766
41.900384 12.4700761
41.9003845 12.4700438
-1073741824 -1073741824
41.9004302 12.4699894
41.9004473 12.4699913
41.9004456 12.4700196
41.9004286 12.4700178
41.9004302 12.4699894
-1073741824 -1073741824
41.9003938 12.4699311
41.9004179 12.4699307
41.9004181 12.469959
41.900394 12.4699593
41.9003938 12.4699311
-1073741824 -1073741824
41.9003022 12.4699364
41.9003364 12.469936
41.9003365 12.469959
41.9003023 12.4699594
41.9003022 12.4699364
-1073741824 -1073741824
landuse pedestrian 2
41.9006857 12.4706075
41.9006842 12.4706415
41.9006822 12.4706887
41.9006751 12.4708622
41.9006737 12.470892
41.9006725 12.4709213
41.900658 12.4709214
41.9006509 12.4709214
41.9006428 12.4709214
41.9004958 12.4709221
41.9004765 12.4709222
41.9004573 12.4709219
41.900458 12.4708619
41.9004587 12.4708426
41.900464 12.4708237
41.9004665 12.470661
41.9004666 12.4706263
41.9004805 12.4706254
41.9004982 12.4706237
41.9006857 12.4706075
-1073741824 -1073741824
