48.8558800 2.3154300
tree
48.8572795 2.3154886
way tertiary -1 false false
48.856168 2.3150233
48.856106 2.3152741
48.8560506 2.3154983
48.8557078 2.3168859
48.8556943 2.3169405
48.8554346 2.3179914
48.8554189 2.3180552
48.8553877 2.3181813
48.855156 2.3191193
48.8551343 2.3192068
48.8549672 2.3198857
48.8549506 2.3199504
building yes -1 3
48.857855 2.3170091
48.8577333 2.3169856
48.8576948 2.3171472
48.8576337 2.3174041
48.8580204 2.3174756
48.8580299 2.3173536
48.8579938 2.3173471
48.8579941 2.3173427
48.8578299 2.3173114
48.857855 2.3170091
building yes -1 1
48.8578772 2.3167445
48.8577921 2.3167297
48.8577796 2.3167843
48.8577875 2.3167946
48.8577898 2.3168013
48.8577919 2.3168186
48.8577909 2.3168215
48.8577856 2.316821
48.8577849 2.3168335
48.8577892 2.3168343
48.8577886 2.3168415
48.857793 2.316842
48.8577936 2.3168351
48.8578039 2.3168372
48.8578048 2.3168303
48.8578025 2.3168277
48.8578029 2.3168234
48.8578133 2.3167998
48.8578264 2.3167843
48.8578459 2.3167718
48.8578593 2.3167682
48.8578688 2.3167686
48.8578693 2.3167703
48.8578748 2.3167711
48.8578772 2.3167445
building yes -1 5
48.8576337 2.3174041
48.8576266 2.3174343
48.857619 2.3174668
48.8577764 2.3175147
48.8579374 2.3175639
48.8580119 2.3175866
48.8580204 2.3174756
48.8576337 2.3174041
building yes -1 1
48.8577333 2.3169856
48.857855 2.3170091
48.8578564 2.3169856
48.857852 2.3169842
48.8578516 2.3169866
48.8578325 2.3169755
48.8578175 2.3169604
48.8578125 2.3169532
48.8578041 2.3169365
48.8577988 2.3169172
48.8577971 2.3169077
48.8577989 2.3169077
48.8578003 2.3168926
48.8577901 2.3168913
48.8577905 2.3168836
48.8577861 2.316883
48.8577857 2.3168901
48.857781 2.3168894
48.8577801 2.3169024
48.857786 2.3169047
48.8577792 2.3169239
48.8577717 2.3169332
48.857761 2.3169403
48.8577489 2.3169382
48.8577449 2.3169359
48.8577333 2.3169856
building yes -1 5
48.8574728 2.3176706
48.8574874 2.3176178
48.8575011 2.317568
48.8574989 2.3175617
48.857379 2.3175209
48.8572559 2.317479
48.8572397 2.3175896
48.8573461 2.3176255
48.85735 2.3175988
48.8573733 2.3176063
48.8573695 2.3176335
48.8574728 2.3176706
building yes -1 -1
48.8569585 2.3173786
48.856913 2.317363
48.8568699 2.3173482
48.8568218 2.3176401
48.8569105 2.3176708
48.8569224 2.3175968
48.8568714 2.3175781
48.856885 2.3174879
48.8569369 2.3175063
48.8569585 2.3173786
building yes -1 -1
48.8566598 2.317277
48.8566178 2.3172628
48.8565691 2.3172464
48.8565266 2.317537
48.8565371 2.3175407
48.8566154 2.317568
48.8566265 2.3174951
48.8565697 2.3174754
48.8565715 2.3174617
48.8565579 2.3174573
48.856562 2.3174326
48.8566321 2.3174586
48.8566598 2.317277
building yes -1 -1
48.8558002 2.3172771
48.8557745 2.3172685
48.8557645 2.3172651
48.8556715 2.3172299
48.8556391 2.317363
48.8556051 2.3175027
48.8556127 2.3175066
48.8556572 2.3175286
48.855658 2.3175274
48.8556651 2.3175297
48.8556708 2.3175006
48.855686 2.3175071
48.8556808 2.3175355
48.8558218 2.3175848
48.855832 2.3175187
48.8558197 2.3175177
48.8558119 2.3175282
48.8558108 2.317534
48.8557504 2.3175132
48.8557512 2.3175082
48.8557349 2.3175027
48.8557593 2.3173553
48.8558572 2.3173875
48.8558589 2.3173797
48.8559051 2.3173979
48.8558686 2.3176007
48.8559067 2.3176141
48.8559236 2.3175429
48.8559225 2.3175415
48.8559497 2.3174219
48.8559481 2.3174204
48.8559616 2.3173354
48.8558002 2.3172771
building yes -1 -1
48.8565691 2.3172464
48.8565175 2.3172289
48.8564663 2.3172116
48.8564406 2.3173853
48.856445 2.3173876
48.8564442 2.3173925
48.8565016 2.3174117
48.8564949 2.3174567
48.8564372 2.3174355
48.8564265 2.3175028
48.85647 2.3175178
48.8564896 2.3175239
48.8565266 2.317537
48.8565691 2.3172464
building yes -1 -1
48.8564663 2.3172116
48.8564099 2.3171926
48.8563615 2.3171762
48.8563402 2.3173332
48.8564177 2.317359
48.8563954 2.3175058
48.8563888 2.3175045
48.8563836 2.3175063
48.8563791 2.3175095
48.8563747 2.3175171
48.8563146 2.3174948
48.8562924 2.317597
48.8562787 2.3176634
48.8562816 2.3176649
48.8563296 2.3176872
48.8563831 2.3177121
48.8564265 2.3175028
48.8564372 2.3174355
48.8564442 2.3173925
48.856445 2.3173876
48.8564406 2.3173853
48.8564663 2.3172116
building yes -1 -1
48.8563615 2.3171762
48.8562911 2.3171522
48.8562267 2.3171303
48.856204 2.3172849
48.8561879 2.3174166
48.8562231 2.3174288
48.8562405 2.3173166
48.8563125 2.3173405
48.8563068 2.3173822
48.8563317 2.3173912
48.8563402 2.3173332
48.8563615 2.3171762
building yes 14 -1
48.857838 2.3157688
48.8578468 2.3157707
48.8578502 2.3157512
48.857856 2.3157517
48.8578911 2.3155185
48.8578769 2.3154883
48.8577266 2.3154709
48.857719 2.3155394
48.8577205 2.3155396
48.8577057 2.3156441
48.8577031 2.3156429
48.8576962 2.3157012
48.8577613 2.3157215
48.8577715 2.3157289
48.8577757 2.3157331
48.8577803 2.3157397
48.8577845 2.3157478
48.8577874 2.3157544
48.8577893 2.3157622
48.8577903 2.3157694
48.8577904 2.3157798
48.857789 2.3157946
48.857792 2.3157955
48.8577866 2.3158335
48.857784 2.3158326
48.8577706 2.3159298
48.8577732 2.3159358
48.8577677 2.3159686
48.8577643 2.315969
48.8577622 2.31598
48.8577587 2.3159905
48.8577561 2.3159954
48.8577523 2.316001
48.8577475 2.3160068
48.8577429 2.3160109
48.8577374 2.3160139
48.857732 2.316016
48.8577254 2.3160161
48.8577181 2.3160148
48.8576309 2.3159879
48.8576205 2.3160543
48.8575693 2.3160347
48.8575776 2.3159704
48.8574759 2.3159385
48.8575175 2.3156443
48.8576193 2.3156754
48.8576445 2.3154611
48.8575131 2.3154446
48.8575039 2.3155351
48.8574573 2.3155192
48.8574685 2.3154189
48.8573963 2.3154103
48.8573872 2.315497
48.8573849 2.315497
48.8573724 2.3155855
48.8573702 2.315587
48.8573574 2.3156789
48.8573541 2.3156787
48.8573539 2.3156848
48.8573386 2.3157052
48.8573348 2.315705
48.8573277 2.3157645
48.8573294 2.315765
48.8573389 2.3157941
48.8573385 2.3157982
48.8573406 2.315799
48.8573272 2.3158953
48.8573286 2.3158959
48.8573157 2.3159884
48.8574529 2.3160326
48.8577939 2.3161402
48.8578099 2.3160422
48.8578052 2.3160402
48.8578071 2.3160199
48.8578001 2.3160165
48.857819 2.315893
48.857838 2.3157688
building yes -1 5
48.8560669 2.31694
48.8561062 2.31672
48.8559935 2.316692
48.8559885 2.3167193
48.8560124 2.3167253
48.8560132 2.3167404
48.8560077 2.3167717
48.8559813 2.3167625
48.8559795 2.3167724
48.8559563 2.3169021
48.8560086 2.31692
48.8560669 2.31694
building yes -1 8
48.8562084 2.3156304
48.8562023 2.3156264
48.8561994 2.3156143
48.8561268 2.3155788
48.8560824 2.3155574
48.8560684 2.3156143
48.8560247 2.3157923
48.8560003 2.3158917
48.8560497 2.3159226
48.8560622 2.3158776
48.856082 2.3158892
48.8560709 2.3159327
48.8560958 2.3159446
48.8561017 2.3159482
48.8561277 2.3159612
48.8561372 2.3159211
48.8561437 2.3159242
48.8561559 2.3158745
48.8561496 2.3158714
48.8561868 2.3157198
48.8561933 2.3157226
48.8561965 2.3157107
48.8561903 2.3157067
48.8562084 2.3156304
building yes -1 -1
48.8570932 2.3169002
48.8571054 2.316905
48.8571089 2.3168852
48.8570958 2.3168802
48.8570932 2.3169002
building yes -1 -1
48.8564043 2.3157244
48.8564197 2.3155198
48.8564427 2.3154902
48.8565207 2.3155004
48.8565209 2.3154964
48.8565339 2.3154977
48.8565363 2.3154626
48.8565237 2.3154602
48.8565244 2.3154515
48.8565448 2.3154538
48.8565532 2.3153309
48.8564659 2.3153213
48.8563808 2.3153119
48.8563781 2.3153452
48.8563742 2.3153976
48.8564004 2.3154013
48.8563957 2.3154752
48.8563683 2.3154718
48.8563678 2.3154797
48.856352 2.3156976
48.8563252 2.3160581
48.8563203 2.316123
48.8563174 2.316165
48.8563526 2.3161724
48.8564019 2.3161812
48.8564237 2.3161853
48.856489 2.3161992
48.8565029 2.3160154
48.8565172 2.3158323
48.8565218 2.3157665
48.8564972 2.3157625
48.8564972 2.315766
48.8564551 2.3157596
48.8564567 2.3157323
48.8564043 2.3157244
building yes -1 3
48.8562757 2.3153313
48.8561427 2.3153114
48.8561316 2.3153565
48.8561123 2.3154351
48.8562258 2.3154558
48.8562285 2.3154185
48.8562293 2.3154074
48.8562702 2.315415
48.8562757 2.3153313
building yes -1 1
48.8559885 2.3167193
48.8559935 2.316692
48.8559601 2.3166829
48.8559526 2.3167296
48.8559846 2.316741
48.8559885 2.3167193
building yes -1 7
48.8559563 2.3169021
48.8559795 2.3167724
48.8559447 2.3167601
48.8559421 2.3167738
48.8559153 2.3167649
48.8559161 2.3167342
48.8559255 2.3166741
48.8558151 2.3166461
48.8557951 2.3167278
48.8557714 2.3168244
48.855777 2.3168409
48.855863 2.3168703
48.8559563 2.3169021
building yes -1 6
48.8572683 2.3173477
48.8572765 2.3172816
48.8571697 2.317244
48.8571559 2.317309
48.8572151 2.3173294
48.8572683 2.3173477
building yes -1 -1
48.8570388 2.3172692
48.8570549 2.3171818
48.8570239 2.3171678
48.8570395 2.3170689
48.8570359 2.3170672
48.8570647 2.3168899
48.8570737 2.3168929
48.8570771 2.3168729
48.8570683 2.3168693
48.8570134 2.3168489
48.8569478 2.317238
48.8569907 2.3172527
48.8570388 2.3172692
building yes -1 7
48.8576349 2.3169788
48.857521 2.3169346
48.857518 2.3169338
48.8574836 2.3170961
48.8575978 2.3171467
48.8576161 2.3170639
48.8576349 2.3169788
building yes -1 5
48.8567425 2.3160371
48.8567468 2.3160089
48.85675 2.3160086
48.8567577 2.3159613
48.8567543 2.3159596
48.856759 2.3159277
48.8567455 2.315894
48.8566703 2.315869
48.8566578 2.3160414
48.8566578 2.3160417
48.8567156 2.3160591
48.8567425 2.3160371
building yes -1 -1
48.8568757 2.3168763
48.8569053 2.3166856
48.8568801 2.3166764
48.8567775 2.3166393
48.8567773 2.3166411
48.8566981 2.3171514
48.8567 2.3171525
48.8567012 2.3171574
48.8567662 2.317179
48.8568242 2.3171983
48.8568376 2.3171182
48.8567546 2.3170892
48.8567841 2.3168957
48.8567905 2.3168977
48.8567982 2.3168489
48.8568757 2.3168763
building yes -1 -1
48.856716 2.3165484
48.8567214 2.3165104
48.8566939 2.3165003
48.856688 2.3165386
48.856716 2.3165484
building yes -1 6
48.8562664 2.3164657
48.8562789 2.3163911
48.8562137 2.3163517
48.8562059 2.3163562
48.8562312 2.3162597
48.8561544 2.3162156
48.8561305 2.3163164
48.8560421 2.3162692
48.8560671 2.3161658
48.8559493 2.3161
48.8559309 2.3161749
48.8559079 2.3162685
48.8562315 2.3164462
48.8562664 2.3164657
building yes -1 -1
48.8562108 2.3165119
48.856197 2.3165891
48.8562315 2.3164462
48.8559079 2.3162685
48.8558874 2.316352
48.8558615 2.3164573
48.8559882 2.3165071
48.8560169 2.3165174
48.8560191 2.3164994
48.8559923 2.3164888
48.8560119 2.3164072
48.8562108 2.3165119
building yes -1 7
48.8573463 2.316781
48.8574291 2.3168091
48.8575031 2.3168312
48.8575075 2.3168254
48.8575098 2.3168071
48.8575421 2.3168177
48.857521 2.3169346
48.8576349 2.3169788
48.8576552 2.3168854
48.8576715 2.3168107
48.8575574 2.3167705
48.8572954 2.3166852
48.8572824 2.3167451
48.8572628 2.3168351
48.8573311 2.3168614
48.8573463 2.316781
building yes -1 -1
48.8566761 2.3162762
48.8566816 2.3162371
48.8566612 2.3162324
48.8566593 2.3162353
48.8566535 2.3162453
48.8566521 2.3162635
48.8566573 2.316275
48.8566549 2.3162939
48.8566149 2.3162823
48.8565981 2.3164
48.8566006 2.3164012
48.8565823 2.3165297
48.8565224 2.3165102
48.8565407 2.3163835
48.8565438 2.3163846
48.856561 2.3162636
48.856524 2.3162517
48.8565251 2.3162415
48.8565335 2.3162339
48.8565348 2.3162214
48.8565285 2.3162059
48.856512 2.3162032
48.8565038 2.3162569
48.8563834 2.3170486
48.8564642 2.3170763
48.8565491 2.3171054
48.8565497 2.3171022
48.8565523 2.3171033
48.8565728 2.3169681
48.8564615 2.31693
48.8565142 2.3165636
48.8565742 2.3165836
48.8565247 2.3169216
48.856577 2.3169403
48.8566758 2.316278
48.8566761 2.3162762
building yes -1 -1
48.8567075 2.3162885
48.8567215 2.3161937
48.8566485 2.3161663
48.8566438 2.3162292
48.8566612 2.3162324
48.8566816 2.3162371
48.8566761 2.3162762
48.8566758 2.316278
48.8567075 2.3162885
building yes -1 4
48.856352 2.3156976
48.8563678 2.3154797
48.8562595 2.3154609
48.8562258 2.3154558
48.8561123 2.3154351
48.8561016 2.3154789
48.8560824 2.3155574
48.8561268 2.3155788
48.8561994 2.3156143
48.8562023 2.3156264
48.8562084 2.3156304
48.8562101 2.3156312
48.8562123 2.3156092
48.8562077 2.3156032
48.8562173 2.3154933
48.8563111 2.315512
48.8562965 2.3156827
48.856352 2.3156976
building yes -1 5
48.8565172 2.3158323
48.8565029 2.3160154
48.8565549 2.3160243
48.8565542 2.3160417
48.8566251 2.3160534
48.8566266 2.3160363
48.8566578 2.3160414
48.8566703 2.315869
48.8566711 2.3158591
48.8565172 2.3158323
building yes -1 -1
48.8573413 2.3164753
48.8573621 2.3163792
48.8572069 2.3163454
48.8571757 2.3165143
48.8571249 2.3167973
48.8572111 2.3168349
48.8572231 2.3168405
48.8572142 2.3168615
48.85721 2.3168781
48.857206 2.3168978
48.857203 2.316972
48.8572275 2.3169835
48.8572299 2.3169846
48.8572628 2.3168351
48.8572824 2.3167451
48.8572307 2.3167212
48.8572404 2.3166727
48.8572344 2.3166545
48.8572144 2.3166455
48.8572535 2.3164348
48.8573413 2.3164753
building yes -1 5
48.8572628 2.3168351
48.8572299 2.3169846
48.8572887 2.3170105
48.8573029 2.3170166
48.8573311 2.3168614
48.8572628 2.3168351
building yes -1 -1
48.856352 2.3156976
48.8562965 2.3156827
48.8562756 2.3156705
48.8561962 2.3159941
48.8562497 2.31602
48.8562711 2.3160308
48.8563252 2.3160581
48.856352 2.3156976
building yes -1 -1
48.857203 2.316972
48.8571011 2.3169285
48.8570857 2.3170138
48.8571541 2.3170453
48.8571528 2.317054
48.8571478 2.3170625
48.8571454 2.3170703
48.8571443 2.31709
48.8571462 2.317101
48.8571494 2.317109
48.8571553 2.3171177
48.8571624 2.3171231
48.8571591 2.3171419
48.8570677 2.3171099
48.8570549 2.3171818
48.8570388 2.3172692
48.8570574 2.3172755
48.8571236 2.317298
48.8571559 2.317309
48.8571697 2.317244
48.8572275 2.3169835
48.857203 2.316972
building yes -1 1
48.8565218 2.3157665
48.8565317 2.3157684
48.8565458 2.3155676
48.8565369 2.3155668
48.8565131 2.315566
48.8564972 2.3157625
48.8565218 2.3157665
building yes -1 4
48.8561599 2.3160311
48.8561593 2.3160462
48.8561637 2.316062
48.8561701 2.3160706
48.8561854 2.3160791
48.8561521 2.3162142
48.8561544 2.3162156
48.8562312 2.3162597
48.8562951 2.3162968
48.8563074 2.3162239
48.8562571 2.3161962
48.8562796 2.3161024
48.8563203 2.316123
48.8563252 2.3160581
48.8562711 2.3160308
48.8562641 2.3160581
48.8562564 2.3160579
48.8562504 2.3160637
48.8562465 2.3160615
48.8562523 2.3160388
48.8562518 2.316033
48.8562477 2.3160288
48.8562497 2.31602
48.8561962 2.3159941
48.8561277 2.3159612
48.8561017 2.3159482
48.8560938 2.3159773
48.8560762 2.3159691
48.8560799 2.3159561
48.856091 2.3159608
48.8560958 2.3159446
48.8560709 2.3159327
48.8560497 2.3159226
48.8560003 2.3158917
48.8559899 2.3159343
48.8559752 2.3159943
48.8559493 2.3161
48.8560671 2.3161658
48.8560718 2.3161684
48.8560887 2.3160952
48.8561139 2.3161076
48.8561195 2.3161061
48.8561233 2.3161017
48.8561252 2.316097
48.8561323 2.3160697
48.8561309 2.3160573
48.8561261 2.316051
48.8561026 2.3160368
48.8561105 2.3160031
48.8561599 2.3160311
building yes -1 7
48.8565448 2.3154538
48.8565405 2.315517
48.8565953 2.315524
48.8565946 2.3155411
48.8566616 2.3155489
48.8566628 2.3155324
48.8566955 2.3155357
48.8567093 2.3153482
48.8567011 2.3153473
48.8566326 2.3153397
48.8565532 2.3153309
48.8565448 2.3154538
building yes -1 -1
48.8571249 2.3167973
48.8571757 2.3165143
48.8571088 2.3164872
48.8570943 2.3165649
48.8570912 2.3165633
48.8570839 2.3165715
48.8570811 2.31657
48.857074 2.3166139
48.8570762 2.3166144
48.8570792 2.3166259
48.857083 2.3166279
48.8570674 2.3167127
48.8570351 2.3167007
48.8570302 2.3167314
48.8569384 2.3166979
48.8569053 2.3166856
48.8568757 2.3168763
48.8569527 2.3169042
48.8569456 2.3169512
48.8569517 2.3169531
48.8569218 2.3171475
48.8568376 2.3171182
48.8568242 2.3171983
48.8568776 2.3172164
48.856948 2.3172403
48.8569478 2.317238
48.8570134 2.3168489
48.8570683 2.3168693
48.8570726 2.316842
48.8570785 2.3168448
48.8570851 2.3168407
48.8570875 2.3168317
48.8571165 2.3168443
48.8571249 2.3167973
building yes -1 6
48.856242 2.3166067
48.856197 2.3165891
48.8561615 2.3165751
48.8561495 2.3166418
48.8559685 2.3165899
48.8559882 2.3165071
48.8558615 2.3164573
48.8558557 2.3164811
48.8558328 2.3165739
48.8558151 2.3166461
48.8559255 2.3166741
48.8559601 2.3166829
48.8559935 2.316692
48.8561062 2.31672
48.856218 2.316748
48.856242 2.3166067
building yes -1 -1
48.8564237 2.3161853
48.8564218 2.3161965
48.8564016 2.3161901
48.8564019 2.3161812
48.8564237 2.3161853
way residential -1 false true
48.8572041 2.3187698
48.8573779 2.3182167
48.8574083 2.3181129
48.8574319 2.3180213
48.8575458 2.3175813
48.8575626 2.3175146
48.8575783 2.3174441
48.8576511 2.3171179
48.857776 2.3165578
48.857961 2.3153713
48.8579657 2.3153247
48.8579445 2.3151472
building yes -1 3
48.8578264 2.3165732
48.8578151 2.3166246
48.8577921 2.3167297
48.8578772 2.3167445
48.858033 2.316771
48.8580384 2.3167058
48.8580451 2.3167066
48.8580559 2.3165594
48.857941 2.3165372
48.8579557 2.3162987
48.858095 2.3163208
48.8581066 2.3161655
48.8579815 2.31614
48.8579822 2.3161264
48.8579678 2.316124
48.8579671 2.3161332
48.857899 2.3161177
48.857867 2.3163196
48.8578356 2.3165172
48.8578264 2.3165732
-1073741824 -1073741824
building yes -1 -1
48.8566265 2.3174951
48.8566154 2.317568
48.8566375 2.3175752
48.8568218 2.3176401
48.8568699 2.3173482
48.8567658 2.3173129
48.8566598 2.317277
48.8566321 2.3174586
48.8566265 2.3174951
-1073741824 -1073741824
48.8567038 2.3173959
48.8567974 2.3174265
48.8567779 2.3175434
48.8566851 2.3175094
48.8567038 2.3173959
-1073741824 -1073741824
building public -1 -1
48.8563863 2.3182138
48.8562584 2.3181408
48.8563267 2.3177997
48.8563103 2.3177921
48.8562599 2.3177685
48.856273 2.317706
48.8562816 2.3176649
48.8562787 2.3176634
48.8562924 2.317597
48.8561577 2.3175342
48.8561628 2.3175154
48.8562223 2.3175403
48.8562436 2.3174364
48.8562231 2.3174288
48.8561879 2.3174166
48.8560809 2.3173778
48.8559661 2.3173377
48.8559616 2.3173354
48.8559481 2.3174204
48.8559497 2.3174219
48.8559225 2.3175415
48.8559236 2.3175429
48.8559067 2.3176141
48.8558686 2.3176007
48.8558218 2.3175848
48.8556808 2.3175355
48.8556651 2.3175297
48.855658 2.3175274
48.8556572 2.3175286
48.8556127 2.3175066
48.8556009 2.3175572
48.8555938 2.3175529
48.8555451 2.3177522
48.8555522 2.3177564
48.8555379 2.3178139
48.8555414 2.3178156
48.8555392 2.3178248
48.8555266 2.3178762
48.8554357 2.3182484
48.8554206 2.3183101
48.8553691 2.3185209
48.8553669 2.3185198
48.855353 2.318577
48.8553475 2.3185742
48.8553243 2.3186693
48.8553013 2.3187632
48.8553068 2.3187666
48.8552949 2.3188151
48.8553943 2.3188729
48.8554083 2.3188139
48.8555092 2.3188846
48.8554945 2.3189366
48.8555079 2.318946
48.8555869 2.3190028
48.8556212 2.3188842
48.8555614 2.3188413
48.8555716 2.3188056
48.8554429 2.3187121
48.8554614 2.3186406
48.8554602 2.3186378
48.8556418 2.3179451
48.8556527 2.3179036
48.8558085 2.3179981
48.8557411 2.3182605
48.8558165 2.3183029
48.855851 2.3181733
48.856142 2.3183598
48.8561597 2.3182973
48.8562117 2.3183302
48.8561944 2.3183927
48.8563075 2.3184638
48.8563863 2.3182138
-1073741824 -1073741824
building yes -1 -1
48.8577951 2.3161408
48.8577939 2.3161402
48.8574529 2.3160326
48.8574434 2.3160918
48.8574467 2.3160932
48.8574363 2.3161593
48.8574345 2.3161588
48.857416 2.3162751
48.8574178 2.3162759
48.857407 2.3163421
48.8574037 2.3163407
48.8573952 2.3163938
48.8577329 2.3165351
48.8577356 2.3165362
48.8577501 2.3164402
48.8577476 2.3164376
48.8577585 2.316357
48.8577538 2.3163573
48.8577536 2.3163652
48.8577547 2.3163666
48.857754 2.3163683
48.8577349 2.3163608
48.8577353 2.3163582
48.8577294 2.3163565
48.8577285 2.3163615
48.857711 2.3163793
48.8577067 2.3163785
48.8577001 2.3164209
48.8576771 2.3164122
48.8576764 2.3164149
48.8575675 2.3163862
48.8575543 2.3163832
48.8575569 2.316367
48.8575398 2.3163608
48.8575462 2.3163162
48.857573 2.3161435
48.8577089 2.3162002
48.8577087 2.3162031
48.8577315 2.3162132
48.8577255 2.3162535
48.8577295 2.3162552
48.8577417 2.3162802
48.8577408 2.3162851
48.8577638 2.3162938
48.8577635 2.3162993
48.8577616 2.3163002
48.8577601 2.3163104
48.857765 2.3163135
48.857779 2.3162308
48.857782 2.316231
48.8577951 2.3161408
-1073741824 -1073741824
48.8575319 2.3163876
48.8575259 2.3164213
48.8575094 2.3164139
48.8575154 2.3163806
48.8575319 2.3163876
-1073741824 -1073741824
building yes -1 -1
48.8561062 2.31672
48.8560669 2.31694
48.8561195 2.3169581
48.8561792 2.3169787
48.856218 2.316748
48.8561062 2.31672
-1073741824 -1073741824
48.8561464 2.3167907
48.8561658 2.3167945
48.8561633 2.3168095
48.8561489 2.3168118
48.8561402 2.3168232
48.8561464 2.3167907
-1073741824 -1073741824
building yes -1 -1
48.8573623 2.3172492
48.8573717 2.3172531
48.8573679 2.3172734
48.8573585 2.3172698
48.8573623 2.3172492
-1073741824 -1073741824
48.8573398 2.3172917
48.8573384 2.3172984
48.8573293 2.3173683
48.8574319 2.3174032
48.8575308 2.3174368
48.857536 2.3174327
48.8575691 2.3172901
48.8575718 2.3172784
48.8575705 2.3172779
48.8575998 2.3171475
48.8575978 2.3171467
48.8574836 2.3170961
48.8574788 2.3170941
48.8574582 2.3172253
48.8574483 2.3172231
48.8574367 2.3172927
48.8574275 2.31729
48.8574283 2.317283
48.8574025 2.3172738
48.8573926 2.3172566
48.8574241 2.3170874
48.8574341 2.3170924
48.8574371 2.3170756
48.8573867 2.3170534
48.8573615 2.3171829
48.8573398 2.3172917
-1073741824 -1073741824
building yes -1 7
48.8564091 2.3164947
48.8563884 2.3165147
48.8563374 2.3164974
48.856324 2.316462
48.8563421 2.3163514
48.856361 2.3163271
48.8564163 2.3163466
48.8564272 2.3163778
48.8564091 2.3164947
-1073741824 -1073741824
48.8563556 2.3168622
48.8562673 2.3168304
48.8562759 2.3168248
48.8562804 2.3167975
48.8562677 2.3167931
48.8562885 2.3166668
48.8563096 2.3166454
48.8563713 2.3166669
48.8563835 2.3166988
48.8563556 2.3168622
-1073741824 -1073741824
48.8565038 2.3162569
48.8563478 2.3162043
48.8563526 2.3161724
48.8563174 2.316165
48.8563074 2.3162239
48.8562951 2.3162968
48.8562789 2.3163911
48.8562664 2.3164657
48.856242 2.3166067
48.856218 2.316748
48.8561792 2.3169787
48.8562753 2.3170116
48.8563834 2.3170486
48.8565038 2.3162569
-1073741824 -1073741824
building yes -1 -1
48.8561803 2.3173235
48.856116 2.3173015
48.8561302 2.3172923
48.8561407 2.3172314
48.8561647 2.3172391
48.8561598 2.3172693
48.8561866 2.3172788
48.8561803 2.3173235
-1073741824 -1073741824
48.8562267 2.3171303
48.8561754 2.3171129
48.856124 2.3170955
48.8560809 2.3173778
48.8561879 2.3174166
48.856204 2.3172849
48.8562267 2.3171303
-1073741824 -1073741824
building yes -1 -1
48.8572559 2.317479
48.8571047 2.3174278
48.8569585 2.3173786
48.8569369 2.3175063
48.8569224 2.3175968
48.8569105 2.3176708
48.857211 2.3177741
48.8572397 2.3175896
48.8572559 2.317479
-1073741824 -1073741824
building yes -1 -1
48.8560691 2.3172575
48.8560064 2.317237
48.8560109 2.3172033
48.8560737 2.3172242
48.8560691 2.3172575
-1073741824 -1073741824
48.856124 2.3170955
48.8560652 2.3170756
48.8560067 2.3170557
48.8559661 2.3173377
48.8560809 2.3173778
48.856124 2.3170955
-1073741824 -1073741824
building yes -1 -1
48.8558573 2.3172184
48.8558667 2.3171555
48.8559657 2.3171886
48.8559557 2.3172518
48.8558573 2.3172184
-1073741824 -1073741824
48.8558087 2.3172208
48.8558002 2.3172771
48.8559616 2.3173354
48.8559661 2.3173377
48.8560067 2.3170557
48.85593 2.3170297
48.8558424 2.3170001
48.8558139 2.3171869
48.8558087 2.3172208
-1073741824 -1073741824
building yes -1 -1
48.8566326 2.3169493
48.8566242 2.3169257
48.8566469 2.3167757
48.8567108 2.3167983
48.8566892 2.3169468
48.8566737 2.3169638
48.8566326 2.3169493
-1073741824 -1073741824
48.8567214 2.3165104
48.8567303 2.3164492
48.8567341 2.3164462
48.85674 2.3164071
48.8567374 2.3164022
48.856748 2.3163311
48.8567353 2.3162974
48.8567075 2.3162885
48.8566758 2.316278
48.856577 2.3169403
48.8565728 2.3169681
48.8565523 2.3171033
48.8566237 2.3171269
48.8566981 2.3171514
48.8567773 2.3166411
48.8567425 2.3166294
48.856742 2.3166213
48.8567153 2.3166124
48.8567124 2.3166188
48.8566779 2.3166074
48.856688 2.3165386
48.8566939 2.3165003
48.8567214 2.3165104
-1073741824 -1073741824
building yes -1 -1
48.8573357 2.317174
48.8573286 2.3172172
48.8572161 2.3171794
48.8572373 2.317076
48.8573394 2.3171166
48.8573304 2.3171717
48.8573357 2.317174
-1073741824 -1073741824
48.8571697 2.317244
48.8572765 2.3172816
48.8572683 2.3173477
48.8572935 2.3173562
48.8573293 2.3173683
48.8573384 2.3172984
48.8573398 2.3172917
48.8573615 2.3171829
48.8573867 2.3170534
48.8573248 2.3170262
48.857318 2.3170601
48.8572816 2.3170441
48.8572887 2.3170105
48.8572299 2.3169846
48.8572275 2.3169835
48.8571697 2.317244
-1073741824 -1073741824
building yes -1 6
48.8574252 2.316645
48.8574503 2.3165091
48.857582 2.3165586
48.8575989 2.3165456
48.857605 2.3165186
48.857624 2.3165262
48.8576282 2.3165446
48.8575866 2.3167311
48.8575656 2.316723
48.8575527 2.3166919
48.8574252 2.316645
-1073741824 -1073741824
48.8575574 2.3167705
48.8576715 2.3168107
48.8576728 2.3168072
48.8576735 2.3168075
48.8577033 2.3166709
48.8577329 2.3165351
48.8573952 2.3163938
48.8573621 2.3163792
48.8573413 2.3164753
48.8572954 2.3166852
48.8575574 2.3167705
-1073741824 -1073741824
