31.2428400 121.4857300
way primary 3 false true
31.2445872 121.4855278
31.2444669 121.4854733
31.2443741 121.4854527
31.2442807 121.4854425
31.2441847 121.4854483
31.2440733 121.4854792
31.243933 121.4855695
31.2437792 121.48565
31.243618 121.4857228
31.2432709 121.4857803
31.2429516 121.4857885
31.2427721 121.4857919
31.2426629 121.4857885
31.242435 121.4857531
31.2421795 121.4857052
31.2420694 121.4856875
31.2418904 121.4856508
31.241691 121.4856107
31.2412991 121.4855277
31.2411885 121.4855112
31.241077 121.4855088
31.2408996 121.485515
way primary 3 false true
31.2352518 121.4874436
31.2354605 121.4873358
31.2357506 121.4871976
31.2359782 121.4870808
31.2363437 121.4868571
31.2364609 121.4867854
31.2365347 121.4867351
31.2365932 121.4866952
31.2367548 121.4865912
31.2372528 121.4862706
31.2373685 121.4862036
31.2375318 121.4861157
31.237624 121.4860794
31.2376728 121.4860602
31.2377571 121.4860372
31.2379616 121.4859811
31.2382043 121.485935
31.2388402 121.4858413
31.2389292 121.4858309
31.2390319 121.4858188
31.2391983 121.4857996
31.2397576 121.485723
31.2398756 121.4857093
31.2399896 121.485696
31.2404361 121.4856506
31.2407252 121.4856203
31.24091 121.4856099
31.2410734 121.4856083
31.241328 121.4856385
31.241581 121.4856875
31.2418961 121.4857461
31.2421075 121.4857836
31.2426453 121.4858949
31.2427708 121.4858989
31.2429776 121.485897
31.2431096 121.4858957
31.2432897 121.4858713
31.2435019 121.4858356
31.2436846 121.4857889
31.243917 121.4857095
31.2441136 121.4856396
31.2442363 121.4856012
31.2444273 121.4855493
31.2445872 121.4855278
landuse grass
31.2430574 121.4863387
31.2430469 121.4863085
31.2430283 121.4862844
31.2430123 121.4862731
31.2429853 121.4862649
31.2429478 121.4862721
31.2429244 121.4862898
31.2429048 121.486323
31.2428995 121.4863691
31.2429074 121.4864003
31.242924 121.4864264
31.242939 121.4864395
31.2429652 121.4864507
31.242994 121.4864504
31.24302 121.4864389
31.2430413 121.4864174
31.2430548 121.4863889
31.2430592 121.4863568
31.2430574 121.4863387
landuse park
31.2429385 121.486
31.2427801 121.4859892
31.2426652 121.4859814
31.2426423 121.4859868
31.242632 121.4859948
31.2426112 121.4860198
31.2425654 121.4863577
31.2429988 121.4864811
31.242985 121.4865187
31.2432922 121.4866156
31.2435441 121.4867373
31.2437599 121.4868301
31.2438487 121.4866874
31.2439838 121.4867634
31.2440399 121.4868004
31.2440236 121.4868919
31.2440175 121.4869784
31.2440316 121.4870501
31.2440983 121.4871555
31.2441404 121.4871921
31.2441968 121.487218
31.2442689 121.4872326
31.2443388 121.4872245
31.2444063 121.4871891
31.2444605 121.4871396
31.2445019 121.4870753
31.2445229 121.4870105
31.2445315 121.4869334
31.2445271 121.4868563
31.2444949 121.4867855
31.2444581 121.4867186
31.2444101 121.48668
31.2443601 121.4866494
31.2443146 121.486638
31.2443232 121.4865696
31.2444052 121.486581
31.244459 121.4865985
31.2445387 121.486628
31.2445482 121.4865989
31.2446116 121.4864185
31.2448199 121.4858584
31.2447667 121.4858453
31.2448387 121.4856587
31.2447129 121.4856434
31.2446702 121.4856382
31.2445123 121.4856335
31.2444298 121.4856443
31.2443747 121.4856604
31.2439849 121.4857757
31.2436271 121.4859071
31.2434804 121.4859554
31.2433634 121.4859769
31.243129 121.4859942
31.2429385 121.486
way footway -1 false false
31.2428138 121.4859897
31.2429384 121.4859948
31.2430321 121.4859914
31.2433329 121.4859733
31.2434842 121.4859465
31.2435401 121.4859322
landuse grass
31.2436929 121.4865017
31.2434108 121.4866546
31.2436073 121.4867389
31.2437296 121.4867914
31.2438351 121.4866197
31.2437684 121.4865214
31.2437138 121.4865072
31.2436929 121.4865017
way footway -1 false false
31.2436002 121.4859084
31.2437789 121.4858446
31.2439584 121.4857833
31.2442716 121.4856764
31.2444153 121.485638
31.2445602 121.4856225
31.2446531 121.4856194
31.2447171 121.4856296
31.2448014 121.4856513
31.2448264 121.48566
way footway -1 false false
31.2430321 121.4859914
31.2430462 121.486043
31.2430737 121.4861181
31.2430917 121.4861485
landuse grass
31.2436149 121.4860484
31.2433335 121.4861196
31.2431797 121.4861706
31.2430089 121.4862434
31.2430654 121.4863068
31.2431021 121.4863712
31.2431044 121.4864141
31.2430425 121.4864544
31.243031 121.4865123
31.2430792 121.4865429
31.243116 121.486554
31.2432932 121.4866074
31.2437996 121.4863212
31.2437706 121.4862784
31.2436149 121.4860484
landuse grass
31.2438534 121.4864051
31.2439222 121.4865017
31.2439245 121.4865634
31.243913 121.4865714
31.2438053 121.486432
31.2438534 121.4864051
way footway -1 false false
31.2439584 121.4857833
31.2439607 121.4858063
landuse wood
31.2427136 121.4860625
31.2427435 121.4860158
31.2427801 121.4859892
31.2429032 121.4859761
31.2430769 121.4859668
31.2432227 121.4859574
31.2433904 121.4859318
31.2434822 121.4859177
31.24357 121.4859551
31.243588 121.4859761
31.24357 121.4860275
31.2435121 121.4860415
31.2434023 121.4860298
31.2432846 121.4860695
31.2431388 121.4861583
31.243035 121.4861909
31.2429719 121.4861849
31.2429112 121.4861863
31.2428493 121.4861793
31.2427815 121.4861512
31.2427395 121.4861489
31.2427236 121.4861092
31.2427136 121.4860625
landuse wood
31.2431089 121.4862446
31.2431827 121.4861909
31.2432746 121.4861653
31.2433584 121.4861396
31.2434243 121.4861186
31.2434882 121.4861069
31.2435501 121.4860929
31.24359 121.4860742
31.2436479 121.4861256
31.2436898 121.486205
31.2437706 121.4862784
31.2437517 121.4863217
31.2436998 121.4863451
31.2436239 121.4864011
31.2435221 121.4864408
31.2434542 121.4864898
31.2434083 121.4865225
31.2433484 121.4865575
31.2433025 121.4865552
31.2432087 121.4865575
31.243116 121.486554
31.2430769 121.4865062
31.2430829 121.4864898
31.2431169 121.4864478
31.2431408 121.4864104
31.2431288 121.4863637
31.2431089 121.486331
31.2430729 121.486282
31.2430849 121.4862587
31.2431089 121.4862446
landuse wood
31.2435261 121.4866509
31.24358 121.4865996
31.2436599 121.4865482
31.2437138 121.4865072
31.2437797 121.4865692
31.2437916 121.4866182
31.2437677 121.4866673
31.2437537 121.486721
31.2437178 121.4867513
31.2436738 121.4867467
31.2436073 121.4867389
31.2435481 121.4867
31.2435241 121.486679
31.2435261 121.4866509
landuse tree_row
31.2439202 121.485841
31.2436519 121.4859322
landuse pedestrian 2
31.2435765 121.4860008
31.2435401 121.4859322
31.2435282 121.485912
31.2435908 121.4858943
31.2436002 121.4859084
31.2436433 121.4859732
31.243946 121.4858616
31.24393 121.4858187
31.2439607 121.4858063
31.2439965 121.4857919
31.2440171 121.4858418
31.2445698 121.4856712
31.2445602 121.4856225
31.2446531 121.4856194
31.2447171 121.4856296
31.2448014 121.4856513
31.2448129 121.4857034
31.2447667 121.4858453
31.2448199 121.4858584
31.2446116 121.4864185
31.2445994 121.4864533
31.2445482 121.4865989
31.2445387 121.486628
31.244459 121.4865985
31.2444052 121.486581
31.2443232 121.4865696
31.2443146 121.486638
31.2443601 121.4866494
31.2444101 121.48668
31.2444581 121.4867186
31.2444949 121.4867855
31.2445271 121.4868563
31.2445315 121.4869334
31.2445229 121.4870105
31.2445019 121.4870753
31.2444605 121.4871396
31.2444063 121.4871891
31.2443388 121.4872245
31.2442689 121.4872326
31.2441968 121.487218
31.2441404 121.4871921
31.2440983 121.4871555
31.2440316 121.4870501
31.2440175 121.4869784
31.2440236 121.4868919
31.2440399 121.4868004
31.2439838 121.4867634
31.2439379 121.4868345
31.2438869 121.4869767
31.2438393 121.4869478
31.2437648 121.4869076
31.2437441 121.4869566
31.243134 121.4867319
31.2428831 121.4866482
31.2426934 121.4866022
31.2421294 121.4864412
31.2417069 121.4863693
31.2415763 121.4863471
31.2412323 121.486314
31.2407465 121.4862844
31.2402849 121.4862682
31.2394497 121.4863232
31.2387369 121.4864225
31.2380811 121.4866062
31.2374609 121.4868628
31.2367653 121.4872097
31.2362342 121.4875028
31.2353754 121.4880642
31.234891 121.4884414
31.2347711 121.4885488
31.2347465 121.4885161
31.2346904 121.4885745
31.2346487 121.4886183
31.2345934 121.4886738
31.2345459 121.4887238
31.2344599 121.4888046
31.2343337 121.4889373
31.234138 121.4891249
31.234117 121.4890942
31.233467 121.4897858
31.2327345 121.490688
31.2322024 121.4913885
31.232111 121.4914991
31.2320082 121.4913813
31.2320714 121.4912952
31.2319834 121.4911756
31.2319942 121.4911585
31.2320159 121.4911243
31.2321075 121.4912279
31.2321469 121.4912786
31.2322041 121.4911965
31.2321881 121.4911751
31.2323165 121.4910007
31.2330596 121.490078
31.233055 121.4900593
31.2333417 121.4897401
31.2333004 121.4896891
31.2333463 121.4896435
31.233383 121.4896838
31.233516 121.4895362
31.2338187 121.489217
31.2338875 121.4891607
31.233899 121.4891795
31.2339438 121.4891351
31.2340504 121.4890293
31.2340251 121.4889864
31.2346512 121.48834
31.2346765 121.4883722
31.2349494 121.4881672
31.2349815 121.4882059
31.235376 121.4878947
31.2353668 121.4878706
31.2356168 121.4876775
31.2356007 121.487648
31.2357062 121.4875943
31.2357154 121.4876104
31.2360135 121.4874334
31.2360044 121.4874092
31.2360938 121.4873556
31.2361053 121.4873787
31.2362452 121.4873019
31.236236 121.4872778
31.2365181 121.4871196
31.2364997 121.4870713
31.2369045 121.4868668
31.2368179 121.4866672
31.2367961 121.486617
31.237268 121.4863524
31.2374492 121.4862532
31.2376441 121.4861701
31.2377736 121.4861306
31.237917 121.4860869
31.2381968 121.4860252
31.238378 121.4860011
31.2384284 121.4862183
31.2386715 121.4861674
31.2390247 121.486103
31.2396714 121.4860252
31.2396485 121.4858267
31.2397711 121.4858077
31.2400007 121.4857722
31.24009 121.4857584
31.2400967 121.4858181
31.2403154 121.4857843
31.2403094 121.4857305
31.2403961 121.4857184
31.2403938 121.4857731
31.2405612 121.485765
31.2405612 121.4857007
31.2407307 121.4856936
31.2410749 121.4856792
31.2410772 121.4857543
31.2412469 121.4857731
31.2412584 121.4857034
31.2413272 121.4857141
31.241318 121.4857801
31.2414579 121.4858053
31.2414739 121.4857248
31.2425059 121.4859287
31.2425311 121.4859957
31.2425242 121.4860536
31.2424807 121.4861003
31.2425862 121.4861298
31.2426002 121.4861346
31.2426039 121.4860942
31.2426126 121.4860137
31.2426342 121.4859849
31.2426727 121.4859704
31.2427699 121.4859783
31.242818 121.4859812
31.2428138 121.4859897
31.2427994 121.4860225
31.2427765 121.4860976
31.2427673 121.4861137
31.2428837 121.486147
31.2429719 121.4861849
31.2430917 121.4861485
31.2435765 121.4860008
-1073741824 -1073741824
31.2436149 121.4860484
31.2433335 121.4861196
31.2431797 121.4861706
31.2430089 121.4862434
31.2430654 121.4863068
31.2431021 121.4863712
31.2431044 121.4864141
31.2430425 121.4864544
31.243031 121.4865123
31.2430792 121.4865429
31.243116 121.486554
31.2432932 121.4866074
31.2437996 121.4863212
31.2437706 121.4862784
31.2436149 121.4860484
-1073741824 -1073741824
31.2438534 121.4864051
31.2439222 121.4865017
31.2439245 121.4865634
31.243913 121.4865714
31.2438053 121.486432
31.2438534 121.4864051
-1073741824 -1073741824
31.2436929 121.4865017
31.2434108 121.4866546
31.2436073 121.4867389
31.2437296 121.4867914
31.2438351 121.4866197
31.2437684 121.4865214
31.2437138 121.4865072
31.2436929 121.4865017
-1073741824 -1073741824
31.2430574 121.4863387
31.2430469 121.4863085
31.2430283 121.4862844
31.2430123 121.4862731
31.2429853 121.4862649
31.2429478 121.4862721
31.2429244 121.4862898
31.2429048 121.486323
31.2428995 121.4863691
31.2429074 121.4864003
31.242924 121.4864264
31.242939 121.4864395
31.2429652 121.4864507
31.242994 121.4864504
31.24302 121.4864389
31.2430413 121.4864174
31.2430548 121.4863889
31.2430592 121.4863568
31.2430574 121.4863387
-1073741824 -1073741824
way footway -1 false false
31.2428138 121.4859897
31.2429384 121.4859948
31.2430321 121.4859914
31.2433329 121.4859733
31.2434842 121.4859465
31.2435401 121.4859322
way footway -1 false false
31.2428138 121.4859897
31.2429384 121.4859948
31.2430321 121.4859914
31.2433329 121.4859733
31.2434842 121.4859465
31.2435401 121.4859322