48.8630200 2.2992800
way river -1 false false
48.8558148 2.3496868
48.8570431 2.3452654
48.8581273 2.3400898
48.8586807 2.3354979
48.8595842 2.3313351
48.860979 2.3274298
48.8615835 2.325601
48.8621365 2.3237562
48.8636131 2.3186343
48.863678 2.3176751
48.863503 2.3119374
48.8633505 2.3025475
48.8631811 2.2996035
48.8627464 2.2975178
48.862193 2.2956982
48.8616001 2.2943077
48.8583814 2.2901364
48.8580751 2.2897552
landuse marina
48.8594669 2.2930462
48.8594876 2.2930145
48.8595856 2.2928294
48.8597467 2.2925973
48.861111 2.2944662
48.8617064 2.29544
48.8621021 2.2963508
48.8625355 2.2975938
48.8628558 2.2987853
48.8630593 2.2999024
48.8631497 2.3007559
48.8631968 2.3014593
48.8629387 2.3014765
48.8628971 2.3005651
48.8628916 2.3004454
48.862835 2.2999183
48.8627597 2.2995603
48.8625882 2.2995689
48.8625322 2.2994711
48.8624739 2.2991492
48.8623427 2.2985731
48.862311 2.2984341
48.862301 2.2983902
48.8620787 2.297615
48.8619398 2.2971336
48.861916 2.2971499
48.8617734 2.2967808
48.8616006 2.2963946
48.8614593 2.2961049
48.8613289 2.2958716
48.8612071 2.2956436
48.8610023 2.2953324
48.8607436 2.2948681
48.8601185 2.2940186
48.8598533 2.2936171
48.8598607 2.2936057
48.8597182 2.29339
48.8597062 2.2934085
48.8596744 2.2933604
48.8596426 2.2933122
48.8594669 2.2930462
way river -1 false false
48.8558148 2.3496868
48.8570431 2.3452654
48.8581273 2.3400898
48.8586807 2.3354979
48.8595842 2.3313351
48.860979 2.3274298
48.8615835 2.325601
48.8621365 2.3237562
48.8636131 2.3186343
48.863678 2.3176751
48.863503 2.3119374
48.8633505 2.3025475
48.8631811 2.2996035
48.8627464 2.2975178
48.862193 2.2956982
48.8616001 2.2943077
48.8583814 2.2901364
48.8580751 2.2897552
-1073741824 -1073741824
way navigable -1 false false
48.8558148 2.3496868
48.8570431 2.3452654
48.8581273 2.3400898
48.8586807 2.3354979
48.8595842 2.3313351
48.860979 2.3274298
48.8615835 2.325601
48.8621365 2.3237562
48.8636131 2.3186343
48.863678 2.3176751
48.863503 2.3119374
48.8633505 2.3025475
48.8631811 2.2996035
48.8627464 2.2975178
48.862193 2.2956982
48.8616001 2.2943077
48.8583814 2.2901364
48.8580751 2.2897552
-1073741824 -1073741824
building yes -1 -1