31.2780800 121.5328200
way residential -1 false false
31.2914598 121.5327236
31.2909895 121.5330697
31.29069 121.5332866
31.2894465 121.5341873
31.2887572 121.5346911
31.2882596 121.5350523
31.2876826 121.5354761
31.2869083 121.5361307
31.2858611 121.5370249
31.2856518 121.5371759
31.2854265 121.5373159
31.2843283 121.5379142
31.2841907 121.5379823
31.283967 121.538089
31.2815644 121.5392343
landuse track
31.2823358 121.5360011
31.2825412 121.5359496
31.2827539 121.5359839
31.2829153 121.5361556
31.2829887 121.5363358
31.2830033 121.5365761
31.2829887 121.5367306
31.282886 121.5369194
31.2826659 121.5370568
31.2820351 121.5374087
31.281881 121.5374516
31.2817123 121.5374516
31.2815803 121.5374001
31.2814409 121.5371941
31.2813676 121.5368937
31.2814189 121.5366276
31.2815143 121.536456
31.2816536 121.5363358
31.2823358 121.5360011
way secondary -1 false true
31.2852693 121.5327878
31.2848602 121.5330951
31.2845803 121.5332973
31.283748 121.533913
31.2827423 121.5346621
31.2822955 121.5349809
31.2814537 121.5355848
31.2810854 121.5358433
31.2805607 121.5362311
building yes -1 -1
31.2809132 121.5365148
31.2805098 121.5367508
31.280739 121.5372765
31.2811241 121.5370512
31.2809132 121.5365148
way primary 6 false true
31.2829824 121.5415402
31.282389 121.5405841
31.2822711 121.5403911
31.2815644 121.5392343
31.2810222 121.5383278
31.2806527 121.5376892
31.2803923 121.5371983
31.2801178 121.5366328
31.2800832 121.5365597
31.2799453 121.5362036
31.2798461 121.5359079
31.2796831 121.5353818
31.279606 121.5350799
31.2795373 121.5347479
31.2792797 121.5335704
31.2791523 121.5329884
31.2786503 121.5307474
31.2785178 121.52999
31.2784507 121.5296814
31.2780828 121.5280107
way residential -1 false true
31.2800383 121.5300387
31.2800992 121.5302354
31.2802634 121.5309913
31.2804876 121.5321407
31.2805946 121.5327129
31.2806376 121.5329792
31.2806639 121.5332522
31.2806613 121.5334828
31.2806639 121.5336249
31.2806838 121.5337918
31.2807236 121.5339811
31.2807922 121.5341768
31.2809778 121.5345893
31.2814537 121.5355848
31.2814857 121.5356484
way secondary -1 false false
31.2799797 121.536665
31.2796484 121.5369253
31.2793367 121.5371706
31.2789253 121.5374813
31.2787629 121.5376039
31.2783767 121.537905
31.2782257 121.5380228
31.2776643 121.538454
31.2769119 121.5390395
31.2767725 121.5391433
31.276453 121.5393528
31.276142 121.5395671
31.2755871 121.5399445
31.2747937 121.5404875
31.2746767 121.5405707
31.2746448 121.540596
31.2744796 121.5407182
31.274332 121.5408416
31.2741174 121.5410469
31.2736405 121.5414853
31.2731752 121.5419332
31.2728827 121.5422207
31.2726755 121.5424124
way secondary -1 false true
31.2799797 121.536665
31.2800393 121.5366764
31.2801178 121.5366328
31.2805644 121.5363104
31.2811871 121.535864
31.2814857 121.5356484
31.2827746 121.5347095
31.2836485 121.5340526
31.2843872 121.533534
31.2853014 121.5328613
way primary 6 false true
31.2769877 121.5244713
31.2771979 121.5250014
31.2773878 121.5255851
31.2774437 121.5257902
31.277558 121.52621
31.2776954 121.5268382
31.2778084 121.5273549
31.2779586 121.5281155
31.2780887 121.528689
31.2783921 121.5300336
31.2785535 121.5308486
31.2786518 121.5313468
31.2788493 121.532192
31.2789836 121.5328261
31.2791542 121.5336071
31.2792595 121.5340891
31.2792908 121.5342338
31.2794748 121.5350841
31.2795557 121.5354348
31.2796822 121.5358678
31.2797967 121.5362052
31.2799643 121.5366249
way residential -1 false false
31.2789253 121.5374813
31.2786847 121.537059
31.2783702 121.5365068
31.2777787 121.5353534
31.2775266 121.5348063
31.2773615 121.5339694
31.2772286 121.5339265
31.2764491 121.5345059
31.2771671 121.5358177
31.2773065 121.5360723
31.278138 121.5374962
31.2783767 121.537905
way residential -1 false false
31.2771671 121.5358177
31.2792908 121.5342338