48.8574400 2.2933100
tree
48.8574493 2.2937654
tree
48.8574648 2.2935552
tree
48.8574883 2.2950182
tree
48.8574916 2.2951703
tree
48.8575108 2.2946017
tree
48.8575376 2.2939280
tree
48.8575377 2.2950955
tree
48.8575515 2.2936843
tree
48.8575746 2.2946924
tree
48.8575949 2.2938538
tree
48.8576090 2.2940008
tree
48.8576242 2.2936669
tree
48.8576390 2.2941591
tree
48.8576880 2.2941937
tree
48.8576915 2.2943064
tree
48.8577315 2.2958552
tree
48.8577360 2.2933560
tree
48.8577712 2.2933974
tree
48.8577795 2.2957777
tree
48.8578109 2.2937529
tree
48.8578337 2.2956966
tree
48.8578337 2.2958491
tree
48.8578379 2.2933186
tree
48.8578840 2.2956108
tree
48.8578848 2.2957692
tree
48.8579098 2.2933834
tree
48.8579361 2.2939920
tree
48.8579390 2.2956846
tree
48.8580405 2.2958656
tree
48.8580740 2.2935303
tree
48.8580814 2.2934378
tree
48.8580952 2.2937978
tree
48.8581430 2.2934246
tree
48.8581477 2.2933128
tree
48.8582166 2.2952362
tree
48.8582705 2.2951628
tree
48.8583087 2.2952134
tree
48.8584211 2.2957387
tree
48.8584324 2.2933436
tree
48.8584995 2.2952639
tree
48.8585051 2.2952081
tree
48.8585984 2.2954406
tree
48.8586908 2.2956718
tree
48.8586944 2.2955250
tree
48.8587234 2.2950948
tree
48.8587628 2.2957800
tree
48.8587642 2.2955150
tree
48.8588340 2.2951924
tree
48.8588493 2.2957328
tree
48.8588748 2.2950204
tree
48.8589477 2.2957940
tree
48.8589639 2.2941123
tree
48.8589650 2.2947166
tree
48.8590092 2.2943529
tree
48.8589960 2.2942093
tree
48.8590059 2.2950386
tree
48.8583433 2.2933922
tree
48.8590066 2.2950956
tree
48.8590121 2.2946634
tree
48.8590168 2.2940875
tree
48.8590173 2.2954606
tree
48.8590326 2.2950936
tree
48.8590488 2.2945809
tree
48.8590490 2.2944290
tree
48.8574498 2.2954608
tree
48.8576150 2.2952023
tree
48.8576527 2.2957604
tree
48.8578179 2.2955020
landuse park
48.8530731 2.3031337
48.8530019 2.3030291
48.8528946 2.3028716
48.8527987 2.3027308
48.8527386 2.3026426
48.8524677 2.3022448
48.8524643 2.3022418
48.8523387 2.302254
48.8523168 2.3020766
48.8523364 2.3020463
48.8525365 2.3017377
48.8522459 2.3013025
48.8522627 2.3012757
48.8529193 2.3002302
48.8546463 2.2975216
48.8544346 2.2960947
48.8547279 2.2956577
48.8547875 2.2955689
48.8557863 2.2958175
48.857016 2.2939077
48.8570502 2.2938547
48.8570337 2.2938341
48.8567667 2.293427
48.856741 2.2933874
48.8577141 2.2918711
48.8580129 2.2923047
48.85814 2.2924891
48.8586387 2.2932127
48.8587111 2.2933216
48.8587843 2.2934274
48.8589634 2.2936915
48.8590177 2.2937717
48.859096 2.2938871
48.8596043 2.2946061
48.8596761 2.2947077
48.8597316 2.2947862
48.8600801 2.2952792
48.8590563 2.2968135
48.8590157 2.2968743
48.8586873 2.2963748
48.8573685 2.2984484
48.8575863 2.2997979
48.8574098 2.3000876
48.8572894 2.300052
48.856503 2.2998199
48.8554936 2.3013971
48.8554788 2.3014202
48.8554676 2.3014378
48.8554564 2.3014552
48.8554288 2.3014984
48.855377 2.3015793
48.8547142 2.3026093
48.8546576 2.3026984
48.8545948 2.302797
48.8539448 2.303791
48.8538392 2.3036492
48.8538682 2.3036036
48.8536915 2.3033332
48.8534164 2.3037589
48.8534007 2.3037811
48.853362 2.3037247
48.8534177 2.3036402
48.8533444 2.3035353
48.8533313 2.3035129
48.8530731 2.3031337
building yes 324 -1
48.8576248 2.2942817
48.8576181 2.2942926
48.8575069 2.2944653
48.8574753 2.2945144
48.8576291 2.2947414
48.8576392 2.294725
48.857651 2.2947426
48.8576751 2.294706
48.8576696 2.294698
48.8576782 2.2946846
48.8576865 2.2946744
48.8576957 2.2946881
48.857717 2.2946548
48.8577213 2.2946554
48.8577905 2.2946713
48.8578393 2.2946982
48.8578585 2.2947088
48.8579196 2.2947529
48.8579775 2.2948123
48.85803 2.2948836
48.8580637 2.2949462
48.8580923 2.2950051
48.85812 2.2950719
48.8581406 2.2951347
48.8581564 2.2951996
48.8581663 2.2952689
48.8581699 2.295334
48.8581518 2.2953613
48.8581604 2.2953739
48.8581497 2.2953965
48.8581464 2.2954016
48.8581409 2.2953933
48.8581172 2.2954304
48.8581285 2.2954473
48.8581182 2.2954631
48.8582718 2.2956897
48.8582954 2.295653
48.85834 2.2955837
48.8584212 2.2954575
48.858411 2.2954416
48.8584227 2.2954238
48.8583981 2.2953878
48.858395 2.2953925
48.8583857 2.2953701
48.8583779 2.2953419
48.8583737 2.2953057
48.8583776 2.2952111
48.858403 2.2951081
48.8584326 2.2950157
48.8584723 2.2949284
48.8585198 2.2948493
48.8585613 2.2947988
48.8586003 2.2947558
48.8586446 2.2947144
48.8586886 2.294682
48.8587289 2.2946605
48.8587747 2.2946462
48.8587962 2.294644
48.8588051 2.2946462
48.8588377 2.2946938
48.8588587 2.2946607
48.8588603 2.294663
48.858849 2.294681
48.8588737 2.2947169
48.858885 2.2946988
48.8588961 2.2947154
48.8590465 2.2944832
48.8589771 2.2943809
48.8588932 2.2942571
48.8588824 2.2942741
48.8588708 2.2942567
48.8588493 2.2942893
48.8588605 2.294306
48.8588577 2.2943103
48.8588426 2.2942883
48.8588275 2.2943122
48.8588209 2.2943227
48.8588173 2.2943283
48.8588125 2.2943315
48.8588018 2.2943333
48.8587327 2.2943166
48.8586978 2.294301
48.8586648 2.2942783
48.8586191 2.2942406
48.858577 2.2942064
48.8585464 2.2941734
48.8584943 2.2941015
48.8584609 2.2940384
48.8584325 2.2939792
48.8584052 2.293912
48.8583828 2.2938415
48.8583695 2.293784
48.8583599 2.2937145
48.8583593 2.2936514
48.8583846 2.2936122
48.8583807 2.293606
48.8584044 2.2935688
48.8583929 2.2935515
48.8584028 2.293536
48.8582486 2.2933084
48.8581003 2.2935432
48.8581099 2.2935574
48.8580986 2.2935752
48.8581232 2.2936112
48.8581249 2.2936086
48.8581262 2.293611
48.8581385 2.2936415
48.8581477 2.293672
48.8581504 2.2937035
48.858149 2.293734
48.8581439 2.2937827
48.8581182 2.2938856
48.8580882 2.2939778
48.8580483 2.2940648
48.8579991 2.2941435
48.8579588 2.2941937
48.8579197 2.2942364
48.8578753 2.2942775
48.8578312 2.2943096
48.8577908 2.2943307
48.857745 2.2943447
48.8577118 2.2943478
48.8576885 2.2943394
48.8576773 2.2943306
48.8576677 2.2943205
48.8576707 2.2943158
48.8576465 2.2942802
48.8576355 2.2942977
48.8576248 2.2942817
landuse water
48.8587677 2.2955034
48.8586861 2.2954241
48.8586693 2.2954162
48.858602 2.2954268
48.8585829 2.2954388
48.8585665 2.2954415
48.8585524 2.2954377
48.8585407 2.2954278
48.8585201 2.2953949
48.8585134 2.2953774
48.8585121 2.2953645
48.8585215 2.2953107
48.8585199 2.2952977
48.85852 2.2952788
48.8585248 2.2952609
48.8585352 2.2952363
48.858539 2.2952217
48.8585555 2.2951934
48.8586373 2.2951359
48.8586467 2.2951336
48.8586596 2.2951385
48.8586703 2.2951483
48.8586871 2.2951722
48.8586968 2.2951813
48.8587482 2.2951938
48.8588009 2.2952273
48.858818 2.2952295
48.8588395 2.2952152
48.8588507 2.295183
48.8588532 2.2951522
48.8588501 2.2951155
48.8588516 2.2950953
48.858857 2.2950781
48.858867 2.2950622
48.8588777 2.2950513
48.8588878 2.2950459
48.858899 2.2950438
48.8589138 2.2950477
48.8589944 2.2951182
48.8590233 2.2951311
48.8590521 2.295133
48.8590757 2.2951248
48.8591228 2.2951297
48.8591397 2.2951402
48.8591446 2.2951478
48.8591418 2.2951544
48.85914 2.2951641
48.8591423 2.2951683
48.8591465 2.2951656
48.8591506 2.2951704
48.8591519 2.2951772
48.8591545 2.2951813
48.8591585 2.295185
48.8591614 2.2951844
48.8591644 2.295181
48.8591665 2.2951795
48.8591689 2.295183
48.8591702 2.2951911
48.8591662 2.2952082
48.8591573 2.2952267
48.8591553 2.2952342
48.8591548 2.2952442
48.859156 2.2952571
48.8591597 2.295262
48.8591622 2.2952691
48.8591621 2.2952774
48.8591586 2.2952853
48.8591531 2.2952906
48.8591478 2.2952903
48.8591408 2.2952873
48.8591338 2.2952814
48.8591139 2.2952766
48.8591075 2.2952781
48.8591038 2.2952833
48.8591023 2.2952945
48.8591006 2.2952964
48.8590951 2.2952969
48.8590876 2.2952953
48.8590824 2.295296
48.859077 2.2952995
48.8590745 2.2953022
48.8590735 2.2953065
48.8590774 2.2953124
48.8590808 2.2953153
48.8590824 2.2953218
48.8590814 2.2953278
48.8590761 2.295333
48.8590649 2.2953306
48.8590626 2.2953384
48.8590629 2.2953488
48.8590505 2.2953649
48.8590502 2.2953716
48.8590541 2.2953777
48.8590539 2.295385
48.8590497 2.2953969
48.8590449 2.2954055
48.8590326 2.2954109
48.859027 2.2954212
48.8590223 2.2954412
48.8590111 2.295458
48.8590109 2.295462
48.8590153 2.2954726
48.8590212 2.2954782
48.8590207 2.2954839
48.8590172 2.2954888
48.8590095 2.2954893
48.8590019 2.2954874
48.8589992 2.2954797
48.8589971 2.2954763
48.8589914 2.295479
48.8589885 2.2954904
48.8589862 2.2954953
48.8589878 2.2955044
48.8589914 2.2955056
48.8589918 2.2955093
48.8589905 2.2955135
48.8589873 2.2955137
48.8589864 2.2955177
48.8589889 2.2955225
48.8589922 2.2955255
48.8589932 2.2955297
48.8589929 2.2955347
48.8589895 2.2955383
48.8589866 2.2955379
48.8589842 2.2955508
48.8589819 2.2955525
48.8589753 2.2955468
48.8589734 2.2955483
48.8589678 2.2955645
48.8589619 2.295565
48.8589582 2.2955699
48.8589551 2.2955862
48.8589455 2.2956026
48.8589432 2.2956161
48.8589312 2.2956264
48.8589028 2.2956353
48.8588808 2.2956349
48.8588578 2.2956253
48.8588391 2.2956104
48.8587677 2.2955034
landuse water
48.8579284 2.2935134
48.8579288 2.2935751
48.8579208 2.2935916
48.8579038 2.2936038
48.8578285 2.293599
48.8578196 2.2936084
48.8578139 2.2936281
48.8578154 2.2936731
48.857807 2.2937365
48.8578068 2.2937537
48.8578125 2.2937691
48.8578228 2.2937844
48.8578334 2.2937882
48.8578431 2.2937992
48.8578652 2.2938591
48.8578994 2.2939208
48.8579038 2.2939493
48.8579012 2.2939842
48.8578605 2.2940905
48.8578345 2.2941318
48.8577429 2.2941859
48.857715 2.294188
48.8576722 2.2941743
48.8576521 2.2941578
48.8576419 2.294131
48.8576378 2.2940955
48.857617 2.2940327
48.8576172 2.2940113
48.8576371 2.2939731
48.85766 2.2939616
48.8576758 2.2939468
48.8576862 2.2939326
48.8576869 2.293911
48.8576741 2.2938807
48.8576669 2.2938515
48.8576694 2.2937894
48.857648 2.2937397
48.8576421 2.2937169
48.8576429 2.2936831
48.8576403 2.2936594
48.8576311 2.2936396
48.8575978 2.2936082
48.8575789 2.2935751
48.8575687 2.2935397
48.8575631 2.2934737
48.8575683 2.2934395
48.8575789 2.2934018
48.857603 2.2933563
48.857607 2.2933367
48.8576031 2.2932924
48.8576121 2.293277
48.8576226 2.2932712
48.8576341 2.2932698
48.8576429 2.2932619
48.8576522 2.2932422
48.85767 2.2932443
48.8576794 2.2932292
48.8576993 2.2931794
48.8577206 2.293206
48.8577111 2.2932179
48.8577046 2.2932421
48.8577052 2.2932726
48.8577171 2.2932984
48.8577267 2.2933015
48.8577384 2.2932969
48.8577464 2.293283
48.8577515 2.2932427
48.8577611 2.2932387
48.8577691 2.2932437
48.8577755 2.293257
48.8577743 2.2932716
48.8577669 2.2932863
48.8577682 2.2932933
48.8577792 2.2933102
48.8577813 2.2933191
48.8577889 2.2933203
48.8577948 2.2933246
48.8577968 2.2933348
48.8578066 2.2933391
48.8578171 2.293337
48.8578285 2.2933591
48.857828 2.2933445
48.857836 2.2933404
48.8578532 2.2933467
48.8578596 2.2933555
48.8578663 2.2933732
48.8578756 2.2933794
48.8578769 2.2933959
48.8578799 2.2934022
48.8578958 2.2933975
48.8579163 2.2933998
48.8579345 2.293423
48.857938 2.2934462
48.8579284 2.2935134
way pedestrian -1 false false
48.8570548 2.2940944
48.8570941 2.2941494
48.8575811 2.294866
48.8576624 2.2949847
48.8579615 2.2954214
48.8580382 2.2955342
48.8582804 2.2958904
48.8585892 2.2963445
way primary -1 false true
48.8590482 2.2934949
48.859119 2.2933612
48.8591928 2.293216
48.8593587 2.2928961
way pedestrian -1 false false
48.8576254 2.2950431
48.8576096 2.2950679
48.8572352 2.2956547
48.8571181 2.2958382
48.8568007 2.2963356
48.8566809 2.2965234
48.8565668 2.2967022
48.8564521 2.2968818
48.8561552 2.2973472
48.8560123 2.2973257
building yes -1 -1
48.8575344 2.2942296
48.8575404 2.2942206
48.8575894 2.2942942
48.8576018 2.2943176
48.8576181 2.2942926
48.8575892 2.2942487
48.8575786 2.2942645
48.857506 2.2941526
48.8574951 2.2941689
48.8575344 2.2942296
building yes -1 -1
48.8573864 2.294034
48.8573956 2.2940204
48.8574428 2.2940928
48.8574554 2.2940742
48.8574326 2.2940395
48.8574304 2.2940426
48.8572971 2.2938379
48.8572776 2.2938666
48.8573094 2.2939153
48.8573185 2.2939016
48.8573573 2.2939615
48.8573482 2.2939752
48.8573864 2.294034
building yes -1 -1
48.8577839 2.2944725
48.8577899 2.2944616
48.857777 2.2944389
48.8577869 2.2944243
48.8577403 2.2943559
48.8577234 2.2943823
48.8577839 2.2944725
building yes -1 -1
48.8574619 2.2943991
48.8574716 2.2943843
48.8574541 2.2943617
48.8574456 2.2943746
48.8574297 2.2944006
48.8574463 2.2944235
48.8574619 2.2943991
way primary 3 false true
48.8590482 2.2934949
48.8591269 2.2936065
48.8601235 2.2950238
landuse grass
48.8571621 2.2958552
48.8576113 2.2951435
48.8578525 2.2955009
48.8573983 2.2962057
48.8571621 2.2958552
landuse grass
48.8580528 2.2963856
48.8580438 2.2963901
48.8580358 2.2963783
48.8580363 2.2962236
48.8580338 2.2961017
48.8580249 2.2959879
48.8580209 2.2959432
48.8580261 2.2959405
48.8580209 2.2959011
48.8580168 2.2959025
48.8580035 2.2957834
48.8580078 2.2957652
48.8580165 2.2957589
48.8580306 2.2957622
48.8582676 2.2961086
48.8582676 2.2961228
48.858263 2.2961348
48.8582263 2.2961566
48.8581818 2.2961883
48.8581469 2.2962224
48.8581074 2.2962744
48.8580747 2.2963307
48.8580528 2.2963856
landuse garden
48.8578359 2.295887
48.8579204 2.2957546
48.8579351 2.2957453
48.857949 2.2957447
48.8579619 2.2957528
48.8579691 2.2957672
48.8579753 2.2957907
48.8579766 2.2959124
48.8579719 2.2959145
48.8579771 2.295955
48.8579817 2.2959549
48.8579908 2.2960476
48.8579939 2.2961072
48.8579675 2.2961136
48.8579268 2.2961006
48.8578933 2.2960693
48.8578601 2.2960064
48.857843 2.2959355
48.8578359 2.295887
landuse grass
48.8572167 2.2949754
48.8572241 2.2949582
48.8572361 2.2949535
48.8572649 2.2949531
48.8574352 2.2949734
48.8574469 2.2949863
48.8574545 2.2950027
48.8574546 2.2950215
48.8574469 2.2950415
48.8571677 2.2954874
48.8571546 2.2954938
48.8571422 2.2954843
48.8571361 2.2954645
48.857126 2.2954079
48.8571257 2.2953567
48.857135 2.2952879
48.8571621 2.2951807
48.8571966 2.2950626
48.8572167 2.2949754
landuse grass
48.8574563 2.2949197
48.8574552 2.2949328
48.8574496 2.2949289
48.8573497 2.2949093
48.8572368 2.2948922
48.8572281 2.2948843
48.8572243 2.2948662
48.8572167 2.2947339
48.8572092 2.2946727
48.8571919 2.2945923
48.857178 2.2945379
48.857181 2.2945299
48.8571896 2.2945275
48.8574563 2.2949197
way elevator -1 false false
48.8588017 2.2944897
48.858544 2.2944888
way elevator -1 false false
48.8582769 2.2953107
48.8582651 2.2949209
way elevator -1 false false
48.8582545 2.2936709
48.8582566 2.2940625
way elevator -1 false false
48.8577123 2.2945042
48.8581328 2.2944968
way elevator -1 false false
48.858544 2.2944888
48.8584268 2.2944933
way elevator -1 false false
48.8582651 2.2949209
48.8582621 2.2947455
way elevator -1 false false
48.857713 2.2945397
48.8577123 2.2945042
48.8577115 2.2944688
48.8576559 2.2944716
48.8576574 2.2945425
48.857713 2.2945397
way elevator -1 false false
48.8582872 2.2948332
48.8582406 2.2948345
48.8582416 2.2949216
48.8582651 2.2949209
48.8582883 2.2949203
48.8582872 2.2948332
way elevator -1 false false
48.8588012 2.2944542
48.8588017 2.2944897
48.8588022 2.2945251
48.8588579 2.2945232
48.8588569 2.2944523
48.8588396 2.2944529
48.8588012 2.2944542
way elevator -1 false false
48.858369 2.2944586
48.8583699 2.2945295
48.8584272 2.294528
48.8584268 2.2944933
48.8584264 2.2944571
48.858369 2.2944586
way elevator -1 false false
48.858292 2.2953101
48.8582769 2.2953107
48.8582453 2.2953119
48.8582468 2.2953981
48.8582934 2.2953963
48.858292 2.2953101
way elevator -1 false false
48.8582312 2.293672
48.8582545 2.2936709
48.8582778 2.2936697
48.858276 2.2935851
48.8582293 2.2935874
48.8582312 2.293672
way elevator -1 false false
48.8582849 2.2946576
48.8582382 2.2946589
48.8582393 2.2947461
48.8582621 2.2947455
48.858286 2.2947448
48.8582849 2.2946576
way elevator -1 false false
48.8584862 2.2944554
48.8584872 2.2945263
48.8585446 2.2945243
48.858544 2.2944888
48.8585435 2.2944534
48.8584862 2.2944554
way elevator -1 false false
48.8582352 2.2941508
48.8582818 2.2941485
48.85828 2.2940613
48.8582566 2.2940625
48.8582333 2.2940637
48.8582352 2.2941508
landuse ridge
48.858344 2.2944936
48.8582612 2.294371
48.8582604 2.294146
48.8583431 2.2942679
48.8584103 2.2943668
48.858494 2.29449
48.858344 2.2944936
landuse scrub
48.8576957 2.2946881
48.8576314 2.294788
48.8574546 2.2945255
48.8575013 2.294457
48.8575069 2.2944653
48.8574753 2.2945144
48.8576291 2.2947414
48.8576392 2.294725
48.857651 2.2947426
48.8576751 2.294706
48.8576696 2.294698
48.8576782 2.2946846
48.8576865 2.2946744
48.8576957 2.2946881
landuse scrub
48.8581518 2.2953613
48.8581442 2.2953502
48.8580866 2.2954413
48.8582868 2.2957338
48.8584434 2.2954905
48.8584212 2.2954575
48.85834 2.2955837
48.8582954 2.295653
48.8582718 2.2956897
48.8581182 2.2954631
48.8581285 2.2954473
48.8581172 2.2954304
48.8581409 2.2953933
48.8581464 2.2954016
48.8581513 2.295409
48.8581524 2.2954106
48.8581685 2.2953857
48.8581648 2.2953803
48.8581604 2.2953739
48.8581518 2.2953613
building roof -1 -1
48.858825 2.2939605
48.8588112 2.293982
48.8588042 2.2939717
48.8587972 2.2939613
48.858811 2.2939398
48.858818 2.2939501
48.858825 2.2939605
building yes -1 1
48.8587564 2.2942055
48.8587471 2.2942199
48.858738 2.2942341
48.8586949 2.2941703
48.858704 2.2941561
48.8587132 2.2941416
48.8587564 2.2942055
landuse grass
48.8589634 2.2936915
48.8589286 2.2937459
48.8588902 2.2936892
48.8588939 2.2936833
48.8587926 2.2935338
48.8587888 2.2935397
48.8587496 2.2934818
48.8587843 2.2934274
48.8589634 2.2936915
building yes -1 -1
48.8576018 2.2943176
48.8575894 2.2942942
48.8575404 2.2942206
48.8575344 2.2942296
48.8574951 2.2941689
48.857506 2.2941526
48.8575071 2.294151
48.8574562 2.2940729
48.8574554 2.2940742
48.8574428 2.2940928
48.8573956 2.2940204
48.8573864 2.294034
48.8573482 2.2939752
48.8573573 2.2939615
48.8573185 2.2939016
48.8573094 2.2939153
48.8572776 2.2938666
48.857199 2.2939871
48.8572295 2.2940327
48.857225 2.294039
48.8574208 2.2943329
48.8574192 2.2943353
48.8574456 2.2943746
48.8574541 2.2943617
48.8574716 2.2943843
48.8574619 2.2943991
48.8575013 2.294457
48.8575069 2.2944653
48.8576018 2.2943176
way pedestrian -1 false false
48.8579615 2.2954214
48.8579219 2.2954827
48.8579095 2.2955018
48.8575198 2.2960987
48.8574091 2.2962728
48.8571483 2.2966781
48.8569728 2.2969495
48.8568649 2.2971224
48.856733 2.2973201
48.8564507 2.2977564
48.8564781 2.2979958
48.856468 2.2980042
building yes -1 -1
48.858345 2.2957264
48.8583887 2.2956634
48.85834 2.2955837
48.8582954 2.295653
48.858345 2.2957264
way primary -1 false true
48.8578402 2.2917358
48.8588159 2.2931567
48.8589028 2.2932832
48.8590482 2.2934949
way pedestrian -1 false false
48.8576624 2.2949847
48.8576254 2.2950431
landuse pedestrian 2
48.8588275 2.2943122
48.8588426 2.2942883
48.8588493 2.2942893
48.8588708 2.2942567
48.8588824 2.2942741
48.8588932 2.2942571
48.8589771 2.2943809
48.8589989 2.2943464
48.859005 2.2943328
48.859009 2.2943176
48.8590108 2.2943013
48.8590102 2.2942849
48.8590074 2.2942691
48.8590024 2.2942545
48.8589955 2.2942418
48.858987 2.2942317
48.8589773 2.2942246
48.8589667 2.2942208
48.8589559 2.2942204
48.8589453 2.2942236
48.8589354 2.2942301
48.8589266 2.2942397
48.8588978 2.2941973
48.8589117 2.2941749
48.8590367 2.2939801
48.8590651 2.2939356
48.859096 2.2938871
48.8590177 2.2937717
48.8589634 2.2936915
48.8589286 2.2937459
48.8588902 2.2936892
48.8588939 2.2936833
48.8587926 2.2935338
48.8587888 2.2935397
48.8587496 2.2934818
48.8587843 2.2934274
48.8587111 2.2933216
48.8586387 2.2932127
48.8585581 2.2933394
48.858464 2.2934874
48.8583846 2.2936122
48.8583593 2.2936514
48.8583514 2.2936643
48.8583219 2.2937106
48.858124 2.2940224
48.8580447 2.2941464
48.8579944 2.2942251
48.8578139 2.2945072
48.8577366 2.2946242
48.8577241 2.2946437
48.857717 2.2946548
48.8576957 2.2946881
48.8576314 2.294788
48.8576223 2.294802
48.8577077 2.2949132
48.8580019 2.2953567
48.8580737 2.2954617
48.8580866 2.2954413
48.8581442 2.2953502
48.8581518 2.2953613
48.8581699 2.295334
48.858178 2.2953215
48.8581994 2.295289
48.8582672 2.2951769
48.8584195 2.2949387
48.858565 2.2947113
48.8587476 2.2944372
48.8586735 2.2944531
48.8585857 2.2943217
48.8585749 2.2943065
48.8586191 2.2942406
48.8586757 2.2941567
48.8586992 2.2941203
48.8586845 2.2940982
48.858785 2.293943
48.8587972 2.2939613
48.858811 2.2939398
48.858818 2.2939501
48.858825 2.2939605
48.8588112 2.293982
48.8588569 2.2940505
48.8588109 2.2941215
48.8587564 2.2942055
48.8588275 2.2943122
-1073741824 -1073741824
48.8586191 2.2942406
48.8585749 2.2943065
48.8585857 2.2943217
48.8586735 2.2944531
48.8587476 2.2944372
48.858565 2.2947113
48.8584195 2.2949387
48.8582672 2.2951769
48.8581994 2.295289
48.858178 2.2953215
48.8581699 2.295334
48.8581663 2.2952689
48.8581564 2.2951996
48.8581406 2.2951347
48.85812 2.2950719
48.8580923 2.2950051
48.8580637 2.2949462
48.85803 2.2948836
48.8579775 2.2948123
48.8579196 2.2947529
48.8578585 2.2947088
48.8578393 2.2946982
48.8577905 2.2946713
48.8577213 2.2946554
48.857717 2.2946548
48.8577241 2.2946437
48.8577366 2.2946242
48.8578139 2.2945072
48.8579944 2.2942251
48.8580447 2.2941464
48.858124 2.2940224
48.8583219 2.2937106
48.8583514 2.2936643
48.8583593 2.2936514
48.8583599 2.2937145
48.8583695 2.293784
48.8583828 2.2938415
48.8584052 2.293912
48.8584325 2.2939792
48.8584609 2.2940384
48.8584943 2.2941015
48.8585464 2.2941734
48.858577 2.2942064
48.8586191 2.2942406
-1073741824 -1073741824
landuse park
48.8578139 2.2945072
48.8579944 2.2942251
48.8580447 2.2941464
48.858124 2.2940224
48.8582539 2.2938192
48.8583277 2.2939282
48.8585474 2.2942528
48.8587072 2.2944889
48.858565 2.2947113
48.8584195 2.2949387
48.8582672 2.2951769
48.8581873 2.2950589
48.8578139 2.2945072
-1073741824 -1073741824
48.8581131 2.2945484
48.8581145 2.2944416
48.8581243 2.2944256
48.8581409 2.2944188
48.858159 2.2944013
48.8581763 2.2943763
48.8581899 2.2943522
48.8582001 2.2943333
48.8582095 2.2943121
48.8582159 2.2942823
48.8582257 2.2942668
48.8582977 2.2942664
48.8583068 2.2942811
48.8583126 2.2943118
48.8583226 2.2943344
48.8583343 2.2943539
48.8583449 2.29437
48.8583573 2.2943872
48.8583671 2.2943998
48.8583867 2.2944164
48.8584026 2.2944227
48.8584109 2.2944388
48.8584112 2.2945459
48.8584022 2.2945597
48.8583879 2.2945654
48.8583712 2.2945809
48.8583592 2.2945952
48.8583467 2.2946149
48.8583347 2.2946342
48.8583234 2.2946548
48.858314 2.2946772
48.8583106 2.2947024
48.8583014 2.2947173
48.8582295 2.294719
48.8582189 2.294703
48.8582137 2.29468
48.8582027 2.2946522
48.8581963 2.2946405
48.8581843 2.294621
48.8581775 2.2946107
48.8581635 2.2945918
48.8581499 2.2945769
48.8581303 2.2945654
48.8581243 2.2945631
48.8581131 2.2945484
-1073741824 -1073741824
48.8583602 2.2949333
48.8582685 2.2950759
48.8581725 2.2949365
48.8582664 2.2947922
48.8583602 2.2949333
-1073741824 -1073741824
48.8586461 2.2944891
48.8585543 2.2946317
48.8584583 2.2944923
48.8585522 2.2943481
48.8586461 2.2944891
-1073741824 -1073741824
48.8583517 2.2940514
48.85826 2.2941941
48.858164 2.2940546
48.8582578 2.2939104
48.8583517 2.2940514
-1073741824 -1073741824
48.8580659 2.294498
48.8579741 2.2946407
48.8578782 2.2945012
48.857972 2.294357
48.8580659 2.294498
-1073741824 -1073741824
48.8582986 2.2947909
48.8584614 2.294541
48.8585458 2.2946681
48.858383 2.294918
48.8582986 2.2947909
-1073741824 -1073741824
48.8582817 2.2942113
48.8583716 2.2940699
48.858541 2.2943187
48.8584511 2.2944601
48.8582817 2.2942113
-1073741824 -1073741824
48.8579786 2.2943144
48.8581414 2.2940646
48.8582259 2.2941917
48.8580631 2.2944415
48.8579786 2.2943144
-1073741824 -1073741824
