31.2369000 121.4739700
way pedestrian -1 false false
31.2395295 121.4803421
31.2395127 121.4802817
31.2391993 121.479504
31.2385941 121.4779943
31.2382706 121.4770728
31.2382254 121.4769476
31.2380396 121.4764478
31.2379976 121.4763315
31.2378095 121.4758732
31.23779 121.4758153
31.2377689 121.4757526
31.2374855 121.4740225
31.2374674 121.4739266
31.2374379 121.4737708
31.2373212 121.4732339
31.2371692 121.4726172
31.2370132 121.4720007
31.2367546 121.4707696
31.2366894 121.4704701
31.2366641 121.47016
31.2366566 121.4701139
31.2366439 121.4700354
landuse park
31.237701 121.475758
31.2374106 121.4742011
31.2368582 121.4751116
31.2369914 121.4754986
31.237174 121.4760288
31.237701 121.475758
way pedestrian -1 false false
31.2374674 121.4739266
31.2373901 121.4739852
31.2372962 121.4740483
31.2365785 121.474303
building yes -1 -1
31.2378711 121.4764764
31.2374662 121.4766876
31.2372932 121.4762833
31.2373069 121.4761652
31.237612 121.4759936
31.237722 121.476066
31.2378711 121.4764764
landuse pedestrian 1
31.2378829 121.4757208
31.2377689 121.4757526
31.237495 121.4758865
31.2374882 121.4758505
31.2375616 121.4757781
31.2376028 121.4756762
31.2376051 121.4755635
31.2375822 121.475475
31.2375111 121.4755018
31.2375249 121.475408
31.2374996 121.4753999
31.2375019 121.4752712
31.2374905 121.4751451
31.2374675 121.4750512
31.2374354 121.4749734
31.2374606 121.4749413
31.2375088 121.4748018
31.2374629 121.4745657
31.2373896 121.4741913
31.2374855 121.4740225
31.2376258 121.4737756
31.2376661 121.4738328
31.2376334 121.473891
31.2376258 121.4739274
31.237651 121.4740427
31.2376281 121.4740937
31.237839 121.4756976
31.2378829 121.4757208
landuse pedestrian 1
31.2393021 121.480245
31.239317 121.4802128
31.2393216 121.4801632
31.2392918 121.4801136
31.2392711 121.4800787
31.239104 121.4796467
31.2390709 121.4795601
31.2390262 121.4794572
31.2389788 121.4793358
31.238639 121.4785232
31.238521 121.478241
31.238472 121.4782388
31.2384261 121.4782039
31.2383593 121.478232
31.2383217 121.4781108
31.2382941 121.4780206
31.2383501 121.4779497
31.2383578 121.477858
31.238125 121.4771462
31.2381125 121.4771081
31.2379468 121.4766015
31.2378918 121.4765973
31.2378803 121.4765302
31.2378711 121.4764764
31.237722 121.476066
31.237612 121.4759936
31.2378095 121.4758732
31.237951 121.4757869
31.2379111 121.4758616
31.2380608 121.4762189
31.2380792 121.4762443
31.2381026 121.4762768
31.2382358 121.4766965
31.2382943 121.4768817
31.2383045 121.4769142
31.2383259 121.4769819
31.2383986 121.4772154
31.2384634 121.4774203
31.2386073 121.4778498
31.238633 121.4778426
31.2386607 121.4779279
31.2387342 121.4778952
31.2387395 121.4779272
31.2387472 121.4779732
31.2387266 121.4780242
31.2387357 121.4780886
31.2389196 121.4785537
31.2392288 121.4793358
31.2392632 121.4793358
31.239277 121.4793733
31.2392494 121.4794028
31.2395499 121.4801769
31.2396313 121.4801418
31.2396576 121.4802238
31.2396014 121.4802463
31.2395127 121.4802817
31.239333 121.4803535
31.2393021 121.480245
building yes -1 -1
31.2369285 121.4761094
31.2369271 121.4760382
31.2369055 121.4759729
31.2368655 121.4759191
31.2368098 121.4758835
31.2367494 121.4758733
31.236681 121.4758924
31.236631 121.4759332
31.2365923 121.4760014
31.2365796 121.4760711
31.2365904 121.4761498
31.2366212 121.4762114
31.236648 121.476237
31.2366702 121.4762582
31.2367278 121.4762813
31.2367938 121.4762787
31.23685 121.4762511
31.2368833 121.4762186
31.2369165 121.4761588
31.2369285 121.4761094
landuse pedestrian 1
31.2374354 121.4749734
31.2373824 121.474893
31.2373205 121.4748447
31.2372669 121.4748368
31.2372183 121.4748461
31.2371714 121.4748769
31.2371211 121.4749387
31.2370869 121.475057
31.2370797 121.475137
31.2370981 121.4752765
31.2371095 121.4753892
31.2371356 121.4754904
31.2371884 121.4755627
31.2372776 121.475613
31.2373146 121.4756218
31.2373393 121.475617
31.2373854 121.4756
31.2374425 121.4755457
31.2374856 121.4754723
31.2374996 121.4753999
31.2375019 121.4752712
31.2374905 121.4751451
31.2374675 121.4750512
31.2374354 121.4749734
building yes -1 -1
31.2371808 121.4742744
31.2369263 121.4746795
31.2368552 121.4747546
31.2367772 121.4747572
31.2367153 121.4746875
31.2366488 121.47432
31.2370937 121.4741591
31.2371808 121.4742744
landuse wood
31.2373116 121.475916
31.2373185 121.4757148
31.2373096 121.4756251
31.2372813 121.4756195
31.2371843 121.4755496
31.2370937 121.4754546
31.2369914 121.4754986
31.237174 121.4760288
31.2373024 121.4759776
31.2373116 121.475916
landuse wood
31.2369079 121.4750147
31.2371393 121.4745738
31.2372726 121.4744676
31.2372772 121.4743951
31.2373801 121.4743485
31.2374719 121.4744209
31.237465 121.4746301
31.2375109 121.4747615
31.2374859 121.4748538
31.2374056 121.4748109
31.2374079 121.4746902
31.2374377 121.4746446
31.2373345 121.4744783
31.2373024 121.474481
31.2372955 121.4745239
31.2372451 121.4745936
31.2372841 121.4746687
31.2372013 121.4747884
31.2372242 121.4748286
31.2371969 121.4748833
31.2371373 121.4749691
31.2370616 121.4749933
31.2370455 121.4750818
31.2369263 121.4750711
31.2369079 121.4750147
landuse wood
31.2369217 121.4754466
31.2368621 121.4751649
31.2369146 121.475137
31.2369469 121.4751488
31.2369719 121.4753838
31.2369217 121.4754466
building commercial -1 -1
31.2379216 121.4736763
31.2380773 121.4742841
31.238206 121.4749664
31.2382172 121.4750566
31.2382358 121.4750576
31.2382792 121.4753464
31.2383184 121.4756075
31.2378987 121.4757309
31.2378829 121.4757208
31.237839 121.4756976
31.2376281 121.4740937
31.237651 121.4740427
31.2376258 121.4739274
31.2376334 121.473891
31.2376661 121.4738328
31.2379216 121.4736763
way footway -1 false false
31.2373393 121.475617
31.237362 121.4758293
31.2373338 121.4759662
31.2372274 121.4761326
