31.2724300 121.4752700
landuse stadium
31.2742422 121.4764503
31.2741975 121.476565
31.2742285 121.476689
31.2741645 121.4768035
31.274156 121.4769611
31.2740355 121.4770252
31.2739843 121.4772672
31.2738391 121.477252
31.2737522 121.4774383
31.2735762 121.477377
31.273496 121.4774907
31.2733786 121.4774363
31.273233 121.4775187
31.2730757 121.4774149
31.2729556 121.477441
31.272811 121.4772811
31.272727 121.477262
31.2726545 121.4770806
31.2725545 121.4770101
31.2725079 121.4769481
31.2724862 121.4768096
31.2724213 121.4767326
31.2724164 121.4766656
31.2724296 121.4765409
31.2723852 121.4764089
31.2724174 121.4762891
31.2723994 121.4761658
31.2723776 121.4760967
31.2724732 121.4760023
31.2724614 121.4758258
31.2725808 121.475761
31.2725891 121.4756478
31.2725935 121.4755879
31.2726872 121.4754588
31.2728361 121.4753951
31.2729391 121.4752241
31.2730518 121.4752346
31.2731645 121.4751592
31.2732984 121.4752115
31.2734598 121.4751673
31.2735484 121.4752437
31.2737659 121.47524
31.2738208 121.4753316
31.273855 121.4754036
31.2739562 121.4754789
31.2739947 121.4755272
31.2740071 121.4755501
31.2740417 121.4757313
31.2741599 121.4758072
31.2741721 121.475847
31.2741602 121.4760168
31.274239 121.4761496
31.2742049 121.4762934
31.2742422 121.4764503
landuse pedestrian 1
31.2727961 121.4750944
31.272665 121.4751054
31.27256 121.4751167
31.2725891 121.4756478
31.2726378 121.4756401
31.2726238 121.4752774
31.2727479 121.4752806
31.2727456 121.4755301
31.2727937 121.475522
31.27279 121.4754309
31.2727961 121.4750944
landuse pedestrian 1
31.2737678 121.475034
31.2738805 121.4750326
31.2740063 121.4750269
31.2740071 121.4755501
31.2739562 121.4754789
31.2739514 121.4751841
31.2738251 121.4751809
31.2738208 121.4753316
31.2737659 121.47524
31.2737678 121.475034
landuse pitch
31.2737954 121.4760534
31.2737906 121.4767435
31.2728861 121.4767349
31.2728909 121.4760448
31.2737954 121.4760534
building stadium -1 -1
31.2738494 121.4759774
31.2736987 121.4759037
31.2735297 121.4758514
31.2733555 121.4758326
31.273137 121.4758514
31.2729733 121.4759112
31.2728382 121.4759896
31.2727793 121.476105
31.2727479 121.4762579
31.2727352 121.4764206
31.2727432 121.4765859
31.2727929 121.4767214
31.2728625 121.4768596
31.2729993 121.4768962
31.2731544 121.4769328
31.2733785 121.4769354
31.2735774 121.4769111
31.273744 121.4768669
31.2738853 121.4768012
31.2739102 121.476696
31.2739397 121.4765828
31.2739443 121.4763963
31.2739397 121.4762457
31.2738968 121.4760981
31.2738494 121.4759774
-1073741824 -1073741824
31.2742422 121.4764503
31.2741975 121.476565
31.2742285 121.476689
31.2741645 121.4768035
31.274156 121.4769611
31.2740355 121.4770252
31.2739843 121.4772672
31.2738391 121.477252
31.2737522 121.4774383
31.2735762 121.477377
31.273496 121.4774907
31.2733786 121.4774363
31.273233 121.4775187
31.2730757 121.4774149
31.2729556 121.477441
31.272811 121.4772811
31.272727 121.477262
31.2726545 121.4770806
31.2725545 121.4770101
31.2725079 121.4769481
31.2724862 121.4768096
31.2724213 121.4767326
31.2724164 121.4766656
31.2724296 121.4765409
31.2723852 121.4764089
31.2724174 121.4762891
31.2723994 121.4761658
31.2723776 121.4760967
31.2724732 121.4760023
31.2724614 121.4758258
31.2725808 121.475761
31.2725891 121.4756478
31.2725935 121.4755879
31.2726872 121.4754588
31.2728361 121.4753951
31.2729391 121.4752241
31.2730518 121.4752346
31.2731645 121.4751592
31.2732984 121.4752115
31.2734598 121.4751673
31.2735484 121.4752437
31.2737659 121.47524
31.2738208 121.4753316
31.273855 121.4754036
31.2739562 121.4754789
31.2739947 121.4755272
31.2740071 121.4755501
31.2740417 121.4757313
31.2741599 121.4758072
31.2741721 121.475847
31.2741602 121.4760168
31.274239 121.4761496
31.2742049 121.4762934
31.2742422 121.4764503
-1073741824 -1073741824
building yes -1 -1