48.8682100 2.3078800
tree
48.8682291 2.3084924
building yes -1 1
48.8686602 2.3081066
48.8686431 2.308064
48.8685161 2.3081849
48.868534 2.308229
48.8686617 2.3081102
48.8686602 2.3081066
building yes -1 -1
48.8689103 2.3078237
48.8688094 2.3076048
48.8687948 2.3076209
48.8687932 2.3076428
48.8687802 2.3076574
48.8687766 2.3076855
48.8686277 2.3078596
48.8686122 2.3078585
48.8685956 2.3078775
48.8685811 2.3078751
48.8685697 2.3078867
48.8686431 2.308064
48.8686602 2.3081066
48.8689302 2.3078679
48.8689284 2.3078643
48.8689103 2.3078237
building yes -1 4
48.8683604 2.3084906
48.8683816 2.3085325
48.8684073 2.3085832
48.8684517 2.3086711
48.8685221 2.3088046
48.8685966 2.308946
48.8686005 2.3089429
48.8686026 2.3089425
48.8686045 2.3089424
48.868612 2.3089454
48.8686164 2.3089438
48.8686232 2.3089396
48.8686298 2.3089337
48.8686356 2.3089252
48.8686397 2.3089164
48.868639 2.3089039
48.8686399 2.308897
48.8686419 2.3088914
48.8686403 2.3088875
48.8686638 2.308861
48.8686675 2.3088648
48.8686718 2.3088669
48.8686742 2.308867
48.8686793 2.3088648
48.8686832 2.3088615
48.8686917 2.3088511
48.8686948 2.308845
48.8686972 2.3088332
48.8686961 2.3088269
48.8686947 2.3088235
48.868717 2.3087983
48.868722 2.3088079
48.8687523 2.3087705
48.8687472 2.3087611
48.8687558 2.3087538
48.8686989 2.3086479
48.8686644 2.308686
48.86856 2.3084833
48.8685954 2.308445
48.8685346 2.3083236
48.8683604 2.3084906
building yes -1 -1
48.8684457 2.3064496
48.8684023 2.3064411
48.8683628 2.3064334
48.8683038 2.3064219
48.8682948 2.3065356
48.8682938 2.3065479
48.8682846 2.3065611
48.8682057 2.3066836
48.8681475 2.3067726
48.8681456 2.3067713
48.868119 2.3068138
48.8680491 2.3069243
48.8680796 2.3069828
48.8680628 2.3070037
48.86805 2.307
48.8680069 2.3070529
48.8680068 2.307071
48.8679817 2.3071014
48.8679636 2.3070984
48.8679515 2.3070777
48.8679202 2.3071257
48.8678541 2.3072301
48.8677748 2.3073566
48.8678862 2.3075719
48.8678957 2.3075906
48.8679069 2.307612
48.8680477 2.3078841
48.8680877 2.3079615
48.8680976 2.3079817
48.8681082 2.3080012
48.8681963 2.3081715
48.8682084 2.3081924
48.8682216 2.3082162
48.868223 2.3082187
48.8682916 2.3081489
48.8682905 2.3081472
48.8682932 2.3081448
48.8682584 2.3080768
48.8682894 2.3080396
48.8683043 2.3080426
48.8683362 2.3081039
48.8684409 2.3080035
48.8684173 2.3079514
48.8684619 2.3079079
48.8684856 2.3079605
48.8685679 2.3078822
48.8685455 2.3078334
48.8685628 2.3078134
48.868573 2.3078161
48.8685788 2.3078151
48.868588 2.3078094
48.8685929 2.3078046
48.8687605 2.3076072
48.8687608 2.3075921
48.8687042 2.3074634
48.8686945 2.3074631
48.868676 2.3074853
48.8686395 2.3074135
48.8686412 2.3074021
48.868622 2.3073647
48.8686143 2.3073648
48.8685616 2.307261
48.8686242 2.3071863
48.8685873 2.3070988
48.8685437 2.3069955
48.8685185 2.306943
48.8684227 2.3067399
48.8684457 2.3064496
-1073741824 -1073741824
48.8683265 2.3071091
48.8685137 2.3074775
48.8685247 2.3074779
48.8685272 2.3074756
48.8685613 2.3075459
48.8685594 2.3075805
48.8684008 2.3077673
48.8683989 2.307787
48.8684069 2.307802
48.8682974 2.3079351
48.8682835 2.3079062
48.8682641 2.3079061
48.8681896 2.3077626
48.8683114 2.3076182
48.8681824 2.3073651
48.8680586 2.3075096
48.8679866 2.3073675
48.8679897 2.3073388
48.8679756 2.3073128
48.8680977 2.3071687
48.8681093 2.3071903
48.8681271 2.3071935
48.8682169 2.3070863
48.8683265 2.3071091
-1073741824 -1073741824
building yes -1 6
48.8683987 2.3082909
48.8684006 2.3082881
48.8683999 2.3082825
48.8684003 2.3082795
48.8684036 2.3082727
48.8683865 2.3082317
48.8683825 2.3082337
48.868378 2.3082318
48.8683758 2.3082284
48.8683738 2.3082299
48.868359 2.3081946
48.8684349 2.3081215
48.8684909 2.3082565
48.8684147 2.3083296
48.8683987 2.3082909
-1073741824 -1073741824
48.8685161 2.3081849
48.8686431 2.308064
48.8685697 2.3078867
48.8685679 2.3078822
48.8684856 2.3079605
48.8684409 2.3080035
48.8683362 2.3081039
48.8683283 2.3081114
48.8682932 2.3081448
48.8682905 2.3081472
48.8682916 2.3081489
48.868223 2.3082187
48.8682706 2.3083134
48.8683054 2.3083827
48.8683225 2.3084163
48.8683604 2.3084906
48.8685346 2.3083236
48.8685619 2.3082977
48.868534 2.308229
48.8685161 2.3081849
-1073741824 -1073741824
48.8685425 2.3079658
48.8685841 2.3080642
48.8685302 2.3081135
48.8684896 2.3080145
48.8685425 2.3079658
-1073741824 -1073741824
landuse pedestrian 2
48.8673589 2.3065529
48.8674682 2.3067638
48.8674534 2.3067804
48.8674518 2.3067839
48.8674507 2.3067901
48.8674515 2.3067968
48.8674528 2.3068009
48.8675427 2.3069749
48.8675448 2.3069789
48.867568 2.3070239
48.8676621 2.3072061
48.867665 2.3072079
48.8676691 2.3072086
48.8676724 2.3072068
48.8676881 2.3071879
48.8676915 2.3071948
48.8676945 2.3072011
48.8677724 2.307352
48.8677568 2.3073715
48.8677554 2.3073753
48.8677544 2.3073804
48.8677547 2.307384
48.8677555 2.3073875
48.8678604 2.3075913
48.8678643 2.3075925
48.8678678 2.3075925
48.8678716 2.3075896
48.8678862 2.3075719
48.8679069 2.307612
48.8678895 2.3076328
48.8678884 2.307638
48.8678881 2.3076443
48.8678898 2.3076487
48.8680619 2.3079807
48.8680657 2.3079823
48.8680692 2.3079826
48.8680725 2.3079802
48.8680877 2.3079615
48.8680976 2.3079817
48.8681082 2.3080012
48.8680925 2.3080205
48.8680909 2.3080241
48.8680899 2.3080281
48.8680897 2.3080342
48.8681701 2.3081899
48.8681733 2.3081915
48.8681765 2.3081924
48.86818 2.3081901
48.8681963 2.3081715
48.8682084 2.3081924
48.8682216 2.3082162
48.8682033 2.3082373
48.8682015 2.3082415
48.8682013 2.3082469
48.8682018 2.3082515
48.8682791 2.3084007
48.8682826 2.308403
48.868287 2.3084036
48.8682913 2.3084
48.8683054 2.3083827
48.8683225 2.3084163
48.8683052 2.3084362
48.8683037 2.3084423
48.8683042 2.3084489
48.8683552 2.3085477
48.8683584 2.3085513
48.8683613 2.3085522
48.8683651 2.3085507
48.8683816 2.3085325
48.8684517 2.3086711
48.868432 2.3086941
48.8686332 2.3090822
48.8686364 2.309084
48.8686394 2.3090837
48.8686559 2.3090746
48.8686748 2.3090623
48.8687049 2.3090432
48.8687293 2.3090293
48.8687516 2.309019
48.8687777 2.3090043
48.8688011 2.3089974
48.8688236 2.3089884
48.8688575 2.3089789
48.8688932 2.3089709
48.86893 2.3089664
48.8689635 2.3089638
48.8689978 2.3089637
48.8692447 2.3081891
48.8692626 2.308133
48.8692892 2.3080496
48.8693518 2.3078531
48.869367 2.3078055
48.869434 2.3075953
48.8695522 2.3072253
48.8696047 2.3070599
48.8696128 2.3070354
48.8696956 2.3067754
48.8696973 2.306767
48.8696983 2.3067584
48.8696981 2.3067453
48.869697 2.3067361
48.8696925 2.3067193
48.8696885 2.3067101
48.8696806 2.3066986
48.8696747 2.3066931
48.8696694 2.3066893
48.8696638 2.3066866
48.8696517 2.3066846
48.8696528 2.3066713
48.8695773 2.3066564
48.8695769 2.3066609
48.869569 2.3066595
48.8695684 2.3066681
48.8694484 2.3066451
48.8694248 2.3066404
48.8693088 2.3066175
48.8691763 2.3065918
48.8691062 2.3065782
48.8691074 2.3065622
48.8690432 2.3065498
48.8690419 2.3065657
48.8690398 2.3065653
48.8688057 2.3065199
48.8685894 2.3064775
48.8684457 2.3064496
48.8683038 2.3064219
48.8681247 2.3063872
48.8679941 2.3063619
48.8677442 2.3063131
48.8675049 2.3062667
48.867447 2.3062552
48.8674467 2.306258
48.8674289 2.3062552
48.8674107 2.306251
48.8674109 2.3062482
48.8672875 2.3062243
48.867287 2.3062295
48.8672811 2.3062283
48.8672749 2.306223
48.8672721 2.3062215
48.8672651 2.3062197
48.8672578 2.3062208
48.8672526 2.3062233
48.8672474 2.3062277
48.8672418 2.3062346
48.8672281 2.3062705
48.8672272 2.306275
48.8672264 2.3062854
48.8672274 2.3062959
48.8672289 2.3063017
48.8672341 2.3063132
48.8672378 2.3063179
48.8672441 2.3063228
48.8672448 2.3063243
48.8672464 2.3063291
48.8672446 2.3063327
48.8673589 2.3065529
-1073741824 -1073741824
