31.2386400 121.4787100
way pedestrian -1 false false
31.2391993 121.479504
31.2390709 121.4795601
31.2383854 121.4797279
way pedestrian -1 false false
31.2395295 121.4803421
31.2395127 121.4802817
31.2391993 121.479504
31.2385941 121.4779943
31.2382706 121.4770728
31.2382254 121.4769476
31.2380396 121.4764478
31.2379976 121.4763315
31.2378095 121.4758732
31.23779 121.4758153
31.2377689 121.4757526
31.2374855 121.4740225
31.2374674 121.4739266
31.2374379 121.4737708
31.2373212 121.4732339
31.2371692 121.4726172
31.2370132 121.4720007
31.2367546 121.4707696
31.2366894 121.4704701
31.2366641 121.47016
31.2366566 121.4701139
31.2366439 121.4700354
way secondary 2 false true
31.2330403 121.4822933
31.2331022 121.4822503
31.2331563 121.4822181
31.2333004 121.4821547
31.2334714 121.4821131
31.2335388 121.4820967
31.2339462 121.4820045
31.2348048 121.4818102
31.2352802 121.4816958
31.2355776 121.4816116
31.236074 121.4814721
31.2367007 121.4813189
31.2378755 121.4809542
31.2383947 121.4807991
31.238506 121.4807554
31.2386065 121.4807239
31.2387249 121.4806869
31.2392356 121.4805518
31.2395591 121.4804579
building commercial -1 43
31.2388969 121.4798656
31.2389098 121.4799648
31.2388943 121.480064
31.2388326 121.4801843
31.2387684 121.4802414
31.2387298 121.4802477
31.2386815 121.4802319
31.2386505 121.4801912
31.2386177 121.4801279
31.2386022 121.4800646
31.2386061 121.4799809
31.2386254 121.4799267
31.2386428 121.479886
31.2386892 121.4798114
31.2387279 121.479773
31.2387742 121.4797639
31.2388148 121.479773
31.2388632 121.4798182
31.2388969 121.4798656
landuse pedestrian 1
31.2393021 121.480245
31.239317 121.4802128
31.2393216 121.4801632
31.2392918 121.4801136
31.2392711 121.4800787
31.239104 121.4796467
31.2390709 121.4795601
31.2390262 121.4794572
31.2389788 121.4793358
31.238639 121.4785232
31.238521 121.478241
31.238472 121.4782388
31.2384261 121.4782039
31.2383593 121.478232
31.2383217 121.4781108
31.2382941 121.4780206
31.2383501 121.4779497
31.2383578 121.477858
31.238125 121.4771462
31.2381125 121.4771081
31.2379468 121.4766015
31.2378918 121.4765973
31.2378803 121.4765302
31.2378711 121.4764764
31.237722 121.476066
31.237612 121.4759936
31.2378095 121.4758732
31.237951 121.4757869
31.2379111 121.4758616
31.2380608 121.4762189
31.2380792 121.4762443
31.2381026 121.4762768
31.2382358 121.4766965
31.2382943 121.4768817
31.2383045 121.4769142
31.2383259 121.4769819
31.2383986 121.4772154
31.2384634 121.4774203
31.2386073 121.4778498
31.238633 121.4778426
31.2386607 121.4779279
31.2387342 121.4778952
31.2387395 121.4779272
31.2387472 121.4779732
31.2387266 121.4780242
31.2387357 121.4780886
31.2389196 121.4785537
31.2392288 121.4793358
31.2392632 121.4793358
31.239277 121.4793733
31.2392494 121.4794028
31.2395499 121.4801769
31.2396313 121.4801418
31.2396576 121.4802238
31.2396014 121.4802463
31.2395127 121.4802817
31.239333 121.4803535
31.2393021 121.480245
building yes -1 10
31.2394879 121.4791935
31.2392632 121.4793358
31.2392288 121.4793358
31.2391345 121.4791094
31.2393165 121.4790121
31.2393972 121.4789688
31.2394879 121.4791935
building yes -1 -1
31.2403172 121.4797326
31.2401355 121.479242
31.2397815 121.4794214
31.2396898 121.4791827
31.239371 121.4793705
31.2393389 121.4794483
31.2396138 121.4801179
31.2396645 121.4801296
31.2397471 121.4801322
31.2402954 121.4798699
31.2403236 121.4798104
31.2403188 121.4797494
31.2403172 121.4797326
building yes -1 10
31.2392114 121.4784882
31.2393664 121.4788716
31.2393165 121.4790121
31.2391345 121.4791094
31.2389196 121.4785537
31.2391145 121.4784458
31.2392114 121.4784882
way secondary 2 false false
31.2404643 121.4832427
31.2403257 121.4828254
31.240291 121.482727
31.2402525 121.4826177
31.2400494 121.4820428
31.2397602 121.4811116
31.2395591 121.4804579
way footway -1 false false
31.2409973 121.4853113
31.2406807 121.483917
31.2406115 121.4835903
31.2405435 121.4833544
31.2405068 121.4832228
31.2404816 121.4831413
31.2403005 121.4825922
31.2401391 121.4820095
31.2398365 121.4810685
31.239692 121.4805723
31.2396596 121.480431
building yes -1 -1
31.2397783 121.4786497
31.2398542 121.4788733
31.2396862 121.4789513
31.2396103 121.4787278
31.2397783 121.4786497
building yes -1 -1
31.2395304 121.4785989
31.2395974 121.4788041
31.2394209 121.478883
31.2393539 121.4786779
31.2395304 121.4785989
building yes -1 -1
31.2396016 121.4788584
31.2396488 121.4789984
31.2394961 121.4791408
31.2394344 121.4789356
31.2396016 121.4788584
way secondary 2 false true
31.2396596 121.480431
31.2405607 121.480053
way secondary 2 false true
31.2396215 121.480306
31.2395295 121.4803421
way footway -1 false false
31.2396215 121.480306
31.2396014 121.4802463
way secondary 2 false true
31.2395295 121.4803421
31.2392555 121.4804322
31.2387053 121.4805831
31.2385778 121.4806165
31.2384761 121.4806433
31.2378564 121.4808319
31.2370483 121.4810709
31.2366656 121.4811841
way secondary 2 false true
31.2395591 121.4804579
31.2396596 121.480431
way secondary 2 false false
31.2395591 121.4804579
31.2395295 121.4803421
way secondary 3 false true
31.2405239 121.4799417
31.2398498 121.4802164
31.2396215 121.480306
building retail -1 8
31.238639 121.4785232
31.2381922 121.478759
31.2381693 121.478767
31.2384053 121.4796512
31.2384397 121.47967
31.2388183 121.4795824
31.2390109 121.4794939
31.2390262 121.4794572
31.2389788 121.4793358
31.238639 121.4785232
building yes -1 -1
31.2389238 121.4803631
31.238814 121.4803988
31.2387852 121.4802775
31.2387345 121.4802758
31.2386815 121.4802319
31.2386505 121.4801912
31.2386177 121.4801279
31.2386022 121.4800646
31.2386061 121.4799809
31.2386254 121.4799267
31.2386428 121.479886
31.2386892 121.4798114
31.2387279 121.479773
31.2388194 121.4797233
31.239104 121.4796467
31.2392711 121.4800787
31.2392918 121.4801136
31.2393216 121.4801632
31.239317 121.4802128
31.2393021 121.480245
31.2392677 121.4802732
31.2392218 121.4802571
31.2391519 121.4802571
31.2389238 121.4803631
