31.2412500 121.4791700
way secondary 2 false true
31.2433362 121.4787871
31.2428021 121.479043
31.2424694 121.4791855
31.2424232 121.4792036
31.2412082 121.479677
31.2405239 121.4799417
way residential 2 false true
31.2434955 121.4786435
31.2426214 121.4790333
31.2424694 121.4791855
way residential 2 false true
31.2424851 121.4792789
31.2426535 121.4792908
31.2436794 121.4788586
building yes -1 8
31.2421279 121.4798882
31.2421908 121.4802326
31.2420804 121.4802602
31.2420175 121.4799158
31.2421279 121.4798882
building yes -1 8
31.2418113 121.4800185
31.2419271 121.4799845
31.2420208 121.4804213
31.2419049 121.4804553
31.2418113 121.4800185
building yes -1 8
31.2416854 121.4800811
31.2417831 121.4805398
31.2416593 121.4805759
31.2415616 121.4801172
31.2416854 121.4800811
building yes -1 -1
31.2414033 121.4798361
31.2414421 121.4800553
31.2413472 121.4800783
31.2413144 121.4798889
31.2413312 121.4798536
31.2414033 121.4798361
building yes -1 2
31.2414387 121.4788011
31.2414927 121.4792294
31.2413832 121.4792483
31.2413292 121.4788199
31.2414387 121.4788011
building yes -1 2
31.2415262 121.4780302
31.2416686 121.4791625
31.2415465 121.4791942
31.2414207 121.4780699
31.2415262 121.4780302
building yes -1 -1
31.2415827 121.4799245
31.2416021 121.4800167
31.2414714 121.4800543
31.241452 121.479962
31.2415827 121.4799245
building yes -1 -1
31.2421698 121.4795785
31.2422001 121.4796892
31.2420888 121.4797308
31.2420586 121.4796201
31.2421698 121.4795785
building yes -1 8
31.2423269 121.4798829
31.2423487 121.4801659
31.242248 121.4801765
31.2422262 121.4798935
31.2423269 121.4798829
building yes -1 -1
31.2416928 121.4797555
31.2417142 121.4798606
31.2414493 121.4799344
31.2414279 121.4798293
31.2416928 121.4797555
building yes -1 -1
31.242328 121.4798454
31.2422271 121.4798641
31.2422008 121.4795691
31.2422707 121.4795959
31.2423166 121.4796791
31.242328 121.4798454
building yes -1 -1
31.2420391 121.4796348
31.24171 121.4797354
31.2417478 121.4799178
31.2418499 121.4798856
31.2418304 121.4797716
31.2419485 121.4797354
31.2419634 121.4797971
31.2420769 121.4797649
31.2420391 121.4796348
building yes -1 -1
31.2416856 121.4792208
31.2417056 121.4793262
31.2413347 121.47945
31.2413147 121.4793446
31.2416856 121.4792208
building yes -1 10
31.2421466 121.4791081
31.2417697 121.4792098
31.2417215 121.4789656
31.2418413 121.4789333
31.2418673 121.4790651
31.2421244 121.4789958
31.2421466 121.4791081
way secondary 2 false true
31.2405607 121.480053
31.2412207 121.4797842
31.2424421 121.4793048
landuse residential
31.241544 121.4780108
31.2411957 121.4781351
31.2413352 121.4792661
31.241691 121.4791915
31.241544 121.4780108
building yes -1 4
31.2412663 121.4789518
31.2413147 121.4793446
31.2413347 121.47945
31.241272 121.479463
31.2412372 121.4794472
31.2412123 121.4793933
31.2411387 121.4789913
31.2412663 121.4789518
way secondary -1 false false
31.2410987 121.4746092
31.2411253 121.4747157
31.2411603 121.4748699
31.2411661 121.4748954
31.2412494 121.4752234
31.241281 121.4753479
31.2413434 121.4755934
31.2416446 121.4764416
31.2417002 121.4765964
31.2419768 121.4773742
31.2420826 121.4777516
31.2421417 121.4779971
31.2423744 121.4789733
31.2424232 121.4792036
31.2424421 121.4793048
way secondary 2 false true
31.2424421 121.4793048
31.2424851 121.4792789
31.2433919 121.4788831
way secondary -1 false false
31.2424421 121.4793048
31.2424737 121.4794582
31.2425044 121.4799926
31.2425255 121.4804202
31.2425635 121.4810859
31.2425744 121.4813334
31.2426002 121.4816836
31.2426332 121.4819293
31.242663 121.4821501
31.24269 121.482294
