48.8682100 2.3078800
tree
48.8682291 2.3084924
building yes -1 -1
48.8689103 2.3078237
48.8688094 2.3076048
48.8687948 2.3076209
48.8687932 2.3076428
48.8687802 2.3076574
48.8687766 2.3076855
48.8686277 2.3078596
48.8686122 2.3078585
48.8685956 2.3078775
48.8685811 2.3078751
48.8685697 2.3078867
48.8686431 2.308064
48.8686602 2.3081066
48.8689302 2.3078679
48.8689284 2.3078643
48.8689103 2.3078237
building yes -1 4
48.8683604 2.3084906
48.8683816 2.3085325
48.8684073 2.3085832
48.8684517 2.3086711
48.8685221 2.3088046
48.8685966 2.308946
48.8686005 2.3089429
48.8686026 2.3089425
48.8686045 2.3089424
48.868612 2.3089454
48.8686164 2.3089438
48.8686232 2.3089396
48.8686298 2.3089337
48.8686356 2.3089252
48.8686397 2.3089164
48.868639 2.3089039
48.8686399 2.308897
48.8686419 2.3088914
48.8686403 2.3088875
48.8686638 2.308861
48.8686675 2.3088648
48.8686718 2.3088669
48.8686742 2.308867
48.8686793 2.3088648
48.8686832 2.3088615
48.8686917 2.3088511
48.8686948 2.308845
48.8686972 2.3088332
48.8686961 2.3088269
48.8686947 2.3088235
48.868717 2.3087983
48.868722 2.3088079
48.8687523 2.3087705
48.8687472 2.3087611
48.8687558 2.3087538
48.8686989 2.3086479
48.8686644 2.308686
48.86856 2.3084833
48.8685954 2.308445
48.8685346 2.3083236
48.8683604 2.3084906
building yes -1 1
48.8686602 2.3081066
48.8686431 2.308064
48.8685161 2.3081849
48.868534 2.308229
48.8686617 2.3081102
48.8686602 2.3081066