31.2337900 121.4656500
building yes -1 -1
31.234283 121.4657622
31.2342808 121.4659765
31.2342175 121.4659756
31.2342162 121.4660977
31.2338557 121.4660928
31.2338578 121.4658889
31.2339265 121.4658898
31.2339279 121.4657573
31.234283 121.4657622
way footway -1 false false
31.2351753 121.4670535
31.235122 121.4670175
31.2350748 121.4669911
31.234968 121.466859
31.234888 121.4667894
31.2346006 121.466571
31.2344877 121.4664989
31.2341285 121.4663237
31.2340215 121.4662816
31.2338068 121.4661879
31.2336855 121.4661342
31.2336433 121.4661019
31.2336186 121.4660178
31.2337976 121.4658142
way yes -1 false false
31.2351753 121.4670535
31.235122 121.4670175
31.2350748 121.4669911
31.234968 121.466859
31.234888 121.4667894
31.2346006 121.466571
31.2344877 121.4664989
31.2341285 121.4663237
31.2340215 121.4662816
31.2338068 121.4661879
31.2336855 121.4661342
31.2336433 121.4661019
31.2336186 121.4660178
31.2337976 121.4658142
