31.2870000 121.5619000
way river -1 false false
31.2494609 121.5121191
31.2495776 121.5259729
31.2528695 121.534739
31.2619039 121.5477653
31.2681232 121.5564451
31.2707264 121.5591483
31.2778696 121.5642325
31.2850113 121.5645602
31.2904022 121.5630855
31.3002031 121.5581699
31.3095829 121.5575964
31.3207116 121.5579241
31.3280599 121.5572687
31.3362894 121.5520254
31.3397602 121.5462971
31.3433875 121.5332414
31.3487411 121.5208873
way river -1 false false
31.2494609 121.5121191
31.2495776 121.5259729
31.2528695 121.534739
31.2619039 121.5477653
31.2681232 121.5564451
31.2707264 121.5591483
31.2778696 121.5642325
31.2850113 121.5645602
31.2904022 121.5630855
31.3002031 121.5581699
31.3095829 121.5575964
31.3207116 121.5579241
31.3280599 121.5572687
31.3362894 121.5520254
31.3397602 121.5462971
31.3433875 121.5332414
31.3487411 121.5208873
-1073741824 -1073741824
