31.2780300 121.4843000
building yes -1 -1
31.2783284 121.4846384
31.2781569 121.4846301
31.2781283 121.4850857
31.2781926 121.485094
31.2781855 121.4852027
31.2781069 121.4851943
31.2780712 121.4855371
31.2780971 121.4855093
31.2781783 121.485512
31.2782426 121.4853699
31.2783141 121.4851149
31.2783284 121.4846384
building yes -1 -1
31.2783176 121.4844545
31.2783141 121.4846092
31.278039 121.4846008
31.2780497 121.4843876
31.2781855 121.4843918
31.2781819 121.4844503
31.2783176 121.4844545
way yes -1 false false
31.2783176 121.4844545
31.2783141 121.4846092