31.2418500 121.4811600
way residential -1 false false
31.2419376 121.482567
31.2418035 121.4822488
31.2417072 121.4820343
31.2416636 121.481927
31.2415788 121.48164
31.2415603 121.4814866
way secondary 1 false false
31.24269 121.482294
31.2428098 121.4822578
31.2431981 121.4821196
31.2432713 121.4820936
31.2440442 121.4818417
31.2441279 121.4818144
31.2446302 121.4816304
31.2452235 121.4814408
31.2453432 121.4814071
way residential 1 false true
31.2455655 121.4830111
31.245545 121.4829925
31.2455157 121.4829743
31.2454737 121.4829587
31.2453686 121.4829241
31.2452724 121.4829166
31.2450894 121.4829245
31.2448105 121.4829561
31.2443839 121.4829324
31.2441305 121.4829251
31.2437695 121.4829254
31.2435235 121.4829249
31.2427093 121.4829889
way residential 1 false true
31.2338376 121.4838166
31.234234 121.4836713
31.2343953 121.4836267
31.2345523 121.4835834
31.2347212 121.4835367
31.2348402 121.4834991
31.2353017 121.4833498
31.2356054 121.4832596
31.2360935 121.4831093
31.2364645 121.4830151
31.2370205 121.4828569
31.2378158 121.4826124
31.238218 121.4825107
31.2384568 121.4824913
31.2390197 121.482424
31.2391387 121.482407
31.239636 121.4822157
31.2400494 121.4820428
31.2401391 121.4820095
31.2402544 121.4819667
31.240643 121.4818256
31.2410916 121.4816588
31.2415603 121.4814866
31.2417288 121.4813968
31.2419589 121.4813017
31.2421859 121.4812079
31.2425635 121.4810859
way secondary -1 false false
31.24269 121.482294
31.2427075 121.4823686
31.2427131 121.4824258
31.2427093 121.4829889
31.242704 121.4832589
31.2427006 121.4838152
31.2426856 121.4845983
31.2426657 121.4856406
31.2426629 121.4857885
31.2426453 121.4858949
building yes -1 -1
31.2419983 121.4809262
31.2420456 121.4811122
31.2418993 121.4811631
31.241852 121.4809771
31.2419983 121.4809262
building yes -1 -1
31.242187 121.4808789
31.2422459 121.4811669
31.2420741 121.4812149
31.2420152 121.4809269
31.242187 121.4808789
building yes -1 -1
31.2420475 121.4811288
31.2420643 121.4812004
31.2419129 121.4812491
31.2418961 121.4811775
31.2420475 121.4811288
building yes -1 6
31.2423593 121.4830838
31.2423716 121.4836118
31.2421922 121.4836175
31.2421761 121.4832046
31.2423593 121.4830838
building yes -1 8
31.2419681 121.4813706
31.2421019 121.4817666
31.2417775 121.4819166
31.2416504 121.4815613
31.2416678 121.4815094
31.2419681 121.4813706
building yes -1 -1
31.2421515 121.483307
31.2421316 121.4836059
31.241824 121.4835838
31.2418345 121.4833314
31.2417957 121.4833347
31.2418023 121.4831045
31.2419688 121.4831
31.2421515 121.483307
building yes -1 -1
31.2418356 121.4809839
31.2418062 121.4808415
31.2414849 121.4809542
31.2415425 121.4812782
31.2415599 121.4813361
31.2416014 121.4813972
31.2419132 121.4812704
31.2418356 121.4809839
building yes -1 6
31.2423322 121.4830465
31.2422211 121.4827585
31.2421381 121.482796
31.2421113 121.4827272
31.2420605 121.4827428
31.2420819 121.4828367
31.2420618 121.4828477
31.2421608 121.4831608
31.2423322 121.4830465
way residential -1 false false
31.2427093 121.4829889
31.2423855 121.4829821
31.2420815 121.4825106
building yes -1 4
31.2429008 121.482341
31.2427792 121.4823812
31.242746 121.4824496
31.2427448 121.4827728
31.2427735 121.4828198
31.2427999 121.4828439
31.2429145 121.4828412
31.2429134 121.4827178
31.2428526 121.4827125
31.2428583 121.4824845
31.2429317 121.4824563
31.2429008 121.482341
building yes -1 7
31.2427483 121.4831207
31.2427414 121.4834104
31.24309 121.483401
31.2430567 121.483059
31.2427955 121.4830646
31.2427483 121.4831207
building yes -1 -1
31.2425826 121.4832369
31.2425779 121.483365
31.2424289 121.4833576
31.2424336 121.4832294
31.2425826 121.4832369
building yes -1 6
31.2422512 121.4814907
31.2420517 121.481586
31.2421285 121.4818086
31.2422902 121.4817321
31.2422512 121.4814907
building yes -1 -1
31.2420253 121.4828198
31.2420656 121.4829531
31.2419175 121.4830142
31.2418773 121.4828809
31.2420253 121.4828198
building yes -1 -1
31.2419829 121.4826293
31.2420286 121.4827854
31.2418612 121.4828525
31.2418155 121.4826964
31.2419829 121.4826293
building yes -1 -1
31.2425963 121.4830035
31.2425892 121.4832008
31.2424255 121.4831926
31.2424327 121.4829953
31.2425963 121.4830035
building yes -1 -1
31.2421113 121.4831081
31.2420238 121.4831443
31.2419829 121.4830089
31.2420704 121.4829727
31.2421113 121.4831081
building yes -1 -1
31.2423395 121.4826039
31.2422271 121.4826468
31.2423636 121.4829298
31.242429 121.4829311
31.2424347 121.4828198
31.2423395 121.4826039
building yes -1 8
31.2419898 121.4813432
31.2424404 121.4811608
31.2424893 121.4816566
31.2423701 121.4817048
31.2423353 121.4813631
31.2420314 121.4814838
31.2419898 121.4813432
building yes -1 6
31.2426187 121.4823712
31.2421773 121.4825322
31.2422243 121.4826421
31.2424651 121.4825536
31.2424616 121.4829653
31.2426222 121.482968
31.2426336 121.4823927
31.2426187 121.4823712
building yes -1 -1
31.2430699 121.4816453
31.2431777 121.4820664
31.2429458 121.4821476
31.242838 121.4817265
31.2430699 121.4816453
building yes -1 5
31.2428062 121.4817546
31.2426985 121.4817992
31.242717 121.4821659
31.2427511 121.4821905
31.2429059 121.4821395
31.2428062 121.4817546
building yes -1 5
31.2414589 121.482797
31.2417556 121.4826744
31.2417808 121.4827579
31.2417415 121.4827741
31.241744 121.4827974
31.2418977 121.4829917
31.2417457 121.4830748
31.2416573 121.4828332
31.2416547 121.48281
31.2415582 121.4828499
31.241635 121.4831043
31.2415609 121.4831349
31.2414589 121.482797
building yes -1 6
31.2429508 121.4810137
31.2426459 121.4811177
31.2426828 121.4817204
31.2429669 121.4816186
31.2429305 121.4814308
31.2430587 121.4813931
31.2429508 121.4810137
way residential -1 false true
31.24269 121.482294
31.2425385 121.4823371
31.2422248 121.4824544
31.2420815 121.4825106
31.2419376 121.482567
31.2418907 121.4825878
31.2414276 121.4827839
way secondary -1 false false
31.2424421 121.4793048
31.2424737 121.4794582
31.2425044 121.4799926
31.2425255 121.4804202
31.2425635 121.4810859
31.2425744 121.4813334
31.2426002 121.4816836
31.2426332 121.4819293
31.242663 121.4821501
31.24269 121.482294
