31.2383500 121.4735200
way residential -1 false true
31.2405239 121.4799417
31.2401324 121.4787432
31.2397165 121.4775046
31.2394132 121.4766087
31.2391292 121.4757612
31.2390106 121.4753737
31.238898 121.4749979
31.2387268 121.4744494
31.2386055 121.4740773
31.2385413 121.4738805
31.2384687 121.4736576
31.238423 121.4735091
31.2383473 121.4732628
building yes -1 -1
31.2385778 121.4735191
31.2385801 121.4734628
31.2389264 121.4732589
31.2389608 121.4732804
31.2390984 121.4736961
31.2392544 121.4741575
31.2393323 121.4743372
31.2390021 121.4744444
31.2389104 121.4739885
31.2388943 121.4739536
31.2387109 121.4740099
31.2386765 121.4738651
31.2389218 121.4737927
31.2389081 121.4737444
31.2386673 121.4738088
31.2386145 121.4736317
31.2385778 121.4735191
building yes -1 -1
31.238876 121.4740233
31.23872 121.4740663
31.2388278 121.4745142
31.2390365 121.4751981
31.2390801 121.4752464
31.2391374 121.4752625
31.2391787 121.4752625
31.2395961 121.4750989
31.2394952 121.4746993
31.239392 121.4744686
31.2393553 121.4743908
31.2389792 121.4745088
31.238876 121.4740233
landuse tree_row
31.2384999 121.4735298
31.2385893 121.4738329
landuse tree_row
31.2386099 121.4738892
31.2386466 121.474026
landuse tree_row
31.2386673 121.4740958
31.2387774 121.4744793
landuse tree_row
31.2384173 121.4736156
31.2386077 121.4742379
31.2388003 121.4748682
31.2389471 121.4753484
building yes -1 -1
31.2383504 121.4755646
31.238261 121.4749852
31.2381463 121.4744005
31.2379606 121.473636
31.2381991 121.4735556
31.2382593 121.4735438
31.2383169 121.4735568
31.2383493 121.4736018
31.2383734 121.4736615
31.2384101 121.4738104
31.238433 121.473805
31.2384972 121.4741188
31.2385224 121.4740974
31.2385775 121.4742932
31.2387472 121.474953
31.2388045 121.4752132
31.2388664 121.4751917
31.2389008 121.4753768
31.2383504 121.4755646
